5.29231e+03  9.54686e-01  2.26060e-02  6.96357e+00
5.29493e+03  1.01050e+00  2.29579e-02  6.96701e+00
5.29754e+03  1.01564e+00  2.30102e-02  6.97044e+00
5.30015e+03  9.89836e-01  2.28847e-02  6.97388e+00
5.30276e+03  9.73038e-01  2.27754e-02  6.97731e+00
5.30537e+03  9.63869e-01  2.26585e-02  6.98075e+00
5.30798e+03  9.63888e-01  2.27156e-02  6.98419e+00
5.31059e+03  9.58582e-01  2.27537e-02  6.98762e+00
5.31320e+03  9.69011e-01  2.27896e-02  6.99106e+00
5.31582e+03  9.92468e-01  2.28736e-02  6.99449e+00
5.31843e+03  9.89907e-01  2.29194e-02  6.99793e+00
5.32104e+03  9.93939e-01  2.29419e-02  7.00137e+00
5.32365e+03  1.00151e+00  2.29149e-02  7.00480e+00
5.32626e+03  1.00367e+00  2.29618e-02  7.00824e+00
5.32887e+03  1.01221e+00  2.30564e-02  7.01167e+00
5.33148e+03  1.01010e+00  2.30192e-02  7.01511e+00
5.33410e+03  9.81028e-01  2.27677e-02  7.01855e+00
5.33671e+03  9.91465e-01  2.28057e-02  7.02198e+00
5.33932e+03  1.02443e+00  2.30342e-02  7.02542e+00
5.34193e+03  9.86208e-01  2.27855e-02  7.02885e+00
5.34454e+03  9.93973e-01  2.27951e-02  7.03229e+00
5.34715e+03  1.00580e+00  2.28366e-02  7.03573e+00
5.34976e+03  9.94211e-01  2.27619e-02  7.03916e+00
5.35238e+03  9.66671e-01  2.26295e-02  7.04260e+00
5.35499e+03  9.91143e-01  2.27262e-02  7.04603e+00
5.35760e+03  1.01379e+00  2.28313e-02  7.04947e+00
5.36021e+03  1.02101e+00  2.28365e-02  7.05291e+00
5.36282e+03  9.88761e-01  2.26008e-02  7.05634e+00
5.36543e+03  9.76989e-01  2.25030e-02  7.05978e+00
5.36804e+03  9.89742e-01  2.25572e-02  7.06321e+00
5.37065e+03  9.88415e-01  2.26046e-02  7.06665e+00
5.37327e+03  1.01307e+00  2.27687e-02  7.07009e+00
5.37588e+03  9.93992e-01  2.26500e-02  7.07352e+00
5.37849e+03  9.68260e-01  2.24860e-02  7.07696e+00
5.38110e+03  9.60622e-01  2.24572e-02  7.08039e+00
5.38371e+03  9.67071e-01  2.24695e-02  7.08383e+00
5.38632e+03  9.74003e-01  2.24676e-02  7.08727e+00
5.38893e+03  9.46461e-01  2.23298e-02  7.09070e+00
5.39155e+03  9.81390e-01  2.25189e-02  7.09414e+00
5.39416e+03  9.86673e-01  2.24911e-02  7.09757e+00
5.39677e+03  9.91440e-01  2.25333e-02  7.10101e+00
5.39938e+03  1.01813e+00  2.26842e-02  7.10445e+00
5.40199e+03  1.01593e+00  2.26549e-02  7.10788e+00
5.40460e+03  9.83801e-01  2.24355e-02  7.11132e+00
5.40721e+03  1.01179e+00  2.26079e-02  7.11475e+00
5.40982e+03  1.01229e+00  2.26320e-02  7.11819e+00
5.41244e+03  1.01834e+00  2.26948e-02  7.12163e+00
5.41505e+03  1.01502e+00  2.27472e-02  7.12506e+00
5.41766e+03  1.00905e+00  2.27085e-02  7.12850e+00
5.42027e+03  9.84341e-01  2.25492e-02  7.13193e+00
5.42288e+03  9.88230e-01  2.26047e-02  7.13537e+00
5.42549e+03  9.86304e-01  2.25693e-02  7.13881e+00
5.42810e+03  9.61442e-01  2.23878e-02  7.14224e+00
5.43072e+03  9.82604e-01  2.25348e-02  7.14568e+00
5.43333e+03  9.65854e-01  2.25029e-02  7.14911e+00
5.43594e+03  9.96556e-01  2.26502e-02  7.15255e+00
5.43855e+03  1.00518e+00  2.27406e-02  7.15599e+00
5.44116e+03  1.00147e+00  2.26987e-02  7.15942e+00
5.44377e+03  1.01330e+00  2.28037e-02  7.16286e+00
5.44638e+03  1.01065e+00  2.28627e-02  7.16629e+00
5.44900e+03  1.00986e+00  2.28526e-02  7.16973e+00
5.45161e+03  1.00591e+00  2.27830e-02  7.17317e+00
5.45422e+03  9.98865e-01  2.27880e-02  7.17660e+00
5.45683e+03  9.83525e-01  2.27349e-02  7.18004e+00
5.45944e+03  9.82095e-01  2.27406e-02  7.18347e+00
5.46205e+03  9.54417e-01  2.25829e-02  7.18691e+00
5.46466e+03  9.80148e-01  2.27701e-02  7.19035e+00
5.46727e+03  9.87062e-01  2.27669e-02  7.19378e+00
5.46989e+03  9.76121e-01  2.27284e-02  7.19722e+00
5.47250e+03  9.73166e-01  2.27326e-02  7.20065e+00
5.47511e+03  9.28046e-01  2.24432e-02  7.20409e+00
5.47772e+03  9.45200e-01  2.25783e-02  7.20753e+00
5.48033e+03  9.79152e-01  2.27754e-02  7.21096e+00
5.48294e+03  1.00475e+00  2.29790e-02  7.21440e+00
5.48555e+03  1.02712e+00  2.31783e-02  7.21783e+00
5.48817e+03  1.01751e+00  2.30998e-02  7.22127e+00
5.49078e+03  9.92564e-01  2.29893e-02  7.22471e+00
5.49339e+03  9.82918e-01  2.29674e-02  7.22814e+00
5.49600e+03  9.91715e-01  2.31229e-02  7.23158e+00
5.49861e+03  9.89376e-01  2.30923e-02  7.23501e+00
5.50122e+03  9.67920e-01  2.29808e-02  7.23845e+00
5.50383e+03  9.25992e-01  2.27743e-02  7.24189e+00
5.50644e+03  8.33252e-01  2.21587e-02  7.24532e+00
5.50906e+03  7.89094e-01  2.18465e-02  7.24876e+00
5.51167e+03  7.96379e-01  2.18923e-02  7.25219e+00
5.51428e+03  8.47061e-01  2.22684e-02  7.25563e+00
5.51689e+03  8.19762e-01  2.21101e-02  7.25907e+00
5.51950e+03  7.89419e-01  2.18858e-02  7.26250e+00
5.52211e+03  7.51143e-01  2.15434e-02  7.26594e+00
5.52472e+03  6.66714e-01  2.09882e-02  7.26937e+00
5.52734e+03  5.80306e-01  2.03733e-02  7.27281e+00
5.52995e+03  5.82178e-01  2.03803e-02  7.27625e+00
5.53256e+03  7.12542e-01  2.13650e-02  7.27968e+00
5.53517e+03  8.42310e-01  2.22742e-02  7.28312e+00
5.53778e+03  9.20728e-01  2.29215e-02  7.28655e+00
5.54039e+03  9.58179e-01  2.33883e-02  7.28999e+00
5.54300e+03  9.75726e-01  2.36155e-02  7.29343e+00
5.54562e+03  1.00251e+00  2.38567e-02  7.29686e+00
5.54823e+03  9.89833e-01  2.37186e-02  7.30030e+00
5.55084e+03  9.85164e-01  2.36434e-02  7.30373e+00
5.55345e+03  9.94303e-01  2.36011e-02  7.30717e+00
5.55606e+03  1.03288e+00  2.38515e-02  7.31061e+00
5.55867e+03  1.04485e+00  2.40327e-02  7.31404e+00
5.56128e+03  1.00538e+00  2.38629e-02  7.31748e+00
5.56389e+03  9.93171e-01  2.38616e-02  7.32091e+00
5.56651e+03  9.82296e-01  2.33968e-02  7.32435e+00
5.56912e+03  9.80251e-01  2.86862e-02  7.32779e+00
5.57173e+03  9.26444e-01  4.79650e-02  7.33122e+00
5.57434e+03  1.00280e+00  6.36248e-02  7.33466e+00
5.57695e+03  9.80716e-01  6.53942e-02  7.33809e+00
5.57956e+03  9.87580e-01  6.54300e-02  7.34153e+00
5.58217e+03  9.27168e-01  6.36552e-02  7.34497e+00
5.58479e+03  1.03103e+00  5.04920e-02  7.34840e+00
5.58740e+03  1.02656e+00  2.86627e-02  7.35184e+00
5.59001e+03  9.94435e-01  2.33607e-02  7.35527e+00
5.59262e+03  9.92320e-01  2.40040e-02  7.35871e+00
5.59523e+03  9.97037e-01  2.39454e-02  7.36215e+00
5.59784e+03  9.99965e-01  2.39148e-02  7.36558e+00
5.60045e+03  9.64689e-01  2.38803e-02  7.36902e+00
5.60306e+03  8.94673e-01  2.35530e-02  7.37245e+00
5.60568e+03  8.07566e-01  2.29165e-02  7.37589e+00
5.60829e+03  7.94237e-01  2.27817e-02  7.37933e+00
5.61090e+03  7.96259e-01  2.28086e-02  7.38276e+00
5.61351e+03  8.37027e-01  2.29439e-02  7.38620e+00
5.61612e+03  8.50379e-01  2.29730e-02  7.38963e+00
5.61873e+03  8.57039e-01  2.31118e-02  7.39307e+00
5.62134e+03  9.26104e-01  2.37265e-02  7.39651e+00
5.62396e+03  8.67871e-01  2.33475e-02  7.39994e+00
5.62657e+03  8.48675e-01  2.32319e-02  7.40338e+00
5.62918e+03  8.34766e-01  2.31325e-02  7.40681e+00
5.63179e+03  9.01812e-01  2.34928e-02  7.41025e+00
5.63440e+03  9.43511e-01  2.37218e-02  7.41369e+00
5.63701e+03  9.85396e-01  2.39522e-02  7.41712e+00
5.63962e+03  9.93362e-01  2.41374e-02  7.42056e+00
5.64224e+03  1.01866e+00  2.44030e-02  7.42399e+00
5.64485e+03  1.02918e+00  2.45318e-02  7.42743e+00
5.64746e+03  1.06018e+00  2.46823e-02  7.43087e+00
5.65007e+03  1.05889e+00  2.46946e-02  7.43430e+00
5.65268e+03  1.02221e+00  2.43855e-02  7.43774e+00
5.65529e+03  9.94542e-01  2.41779e-02  7.44117e+00
5.65790e+03  1.01378e+00  2.42669e-02  7.44461e+00
5.66051e+03  9.68864e-01  2.40098e-02  7.44805e+00
5.66313e+03  9.01457e-01  2.36288e-02  7.45148e+00
5.66574e+03  9.14130e-01  2.37889e-02  7.45492e+00
5.66835e+03  9.59094e-01  2.41561e-02  7.45835e+00
5.67096e+03  9.80017e-01  2.43407e-02  7.46179e+00
5.67357e+03  9.90265e-01  2.45193e-02  7.46523e+00
5.67618e+03  9.80688e-01  2.44931e-02  7.46866e+00
5.67879e+03  9.44609e-01  2.41735e-02  7.47210e+00
5.68141e+03  8.89682e-01  2.38306e-02  7.47553e+00
5.68402e+03  9.19375e-01  2.40332e-02  7.47897e+00
5.68663e+03  9.48341e-01  2.42369e-02  7.48241e+00
5.68924e+03  9.34655e-01  2.42599e-02  7.48584e+00
5.69185e+03  9.55853e-01  2.44898e-02  7.48928e+00
5.69446e+03  9.78971e-01  2.46752e-02  7.49271e+00
5.69707e+03  9.86752e-01  2.47255e-02  7.49615e+00
5.69969e+03  9.85085e-01  2.47700e-02  7.49959e+00
5.70230e+03  9.75363e-01  2.47329e-02  7.50302e+00
5.70491e+03  9.96493e-01  2.48431e-02  7.50646e+00
5.70752e+03  1.00815e+00  2.49111e-02  7.50989e+00
5.71013e+03  1.01125e+00  2.49169e-02  7.51333e+00
5.71274e+03  1.01314e+00  2.49551e-02  7.51677e+00
5.71535e+03  1.02223e+00  2.50900e-02  7.52020e+00
5.71796e+03  1.02151e+00  2.51799e-02  7.52364e+00
5.72058e+03  1.00512e+00  2.51111e-02  7.52707e+00
5.72319e+03  9.89185e-01  2.49595e-02  7.53051e+00
5.72580e+03  9.84408e-01  2.49395e-02  7.53395e+00
5.72841e+03  1.03025e+00  2.52450e-02  7.53738e+00
5.73102e+03  1.04935e+00  2.52792e-02  7.54082e+00
5.73363e+03  1.00750e+00  2.49940e-02  7.54425e+00
5.73624e+03  9.95235e-01  2.48902e-02  7.54769e+00
5.73886e+03  1.02538e+00  2.51157e-02  7.55113e+00
5.74147e+03  1.00891e+00  2.50111e-02  7.55456e+00
5.74408e+03  9.75024e-01  2.47404e-02  7.55800e+00
5.74669e+03  9.89396e-01  2.48247e-02  7.56143e+00
5.74930e+03  9.84818e-01  2.48625e-02  7.56487e+00
5.75191e+03  9.80831e-01  2.48573e-02  7.56831e+00
5.75452e+03  1.00390e+00  2.49663e-02  7.57174e+00
5.75713e+03  9.99373e-01  2.49454e-02  7.57518e+00
5.75975e+03  1.01121e+00  2.50343e-02  7.57861e+00
5.76236e+03  9.95070e-01  2.49703e-02  7.58205e+00
5.76497e+03  9.90480e-01  2.50249e-02  7.58549e+00
5.76758e+03  1.01990e+00  2.52374e-02  7.58892e+00
5.77019e+03  9.98576e-01  2.50642e-02  7.59236e+00
5.77280e+03  9.97095e-01  2.50521e-02  7.59579e+00
5.77541e+03  9.86808e-01  2.49584e-02  7.59923e+00
5.77803e+03  9.69483e-01  2.47978e-02  7.60267e+00
5.78064e+03  9.69289e-01  2.47633e-02  7.60610e+00
5.78325e+03  9.76563e-01  2.47822e-02  7.60954e+00
5.78586e+03  9.96502e-01  2.49808e-02  7.61297e+00
5.78847e+03  9.86422e-01  2.49853e-02  7.61641e+00
5.79108e+03  9.80379e-01  2.49441e-02  7.61985e+00
5.79369e+03  9.65057e-01  2.48185e-02  7.62328e+00
5.79631e+03  9.34834e-01  2.46232e-02  7.62672e+00
5.79892e+03  9.54803e-01  2.48251e-02  7.63015e+00
5.80153e+03  9.72985e-01  2.50130e-02  7.63359e+00
5.80414e+03  9.78119e-01  2.50494e-02  7.63703e+00
5.80675e+03  1.00580e+00  2.52062e-02  7.64046e+00
5.80936e+03  1.01283e+00  2.52886e-02  7.64390e+00
5.81197e+03  1.00129e+00  2.52843e-02  7.64733e+00
5.81458e+03  9.78270e-01  2.51577e-02  7.65077e+00
5.81720e+03  9.77467e-01  2.51564e-02  7.65421e+00
5.81981e+03  9.43744e-01  2.49647e-02  7.65764e+00
5.82242e+03  8.54808e-01  2.43677e-02  7.66108e+00
5.82503e+03  8.05508e-01  2.40399e-02  7.66451e+00
5.82764e+03  8.52472e-01  2.43751e-02  7.66795e+00
5.83025e+03  9.26008e-01  2.48347e-02  7.67139e+00
5.83286e+03  9.80729e-01  2.52234e-02  7.67482e+00
5.83548e+03  1.00864e+00  2.54356e-02  7.67826e+00
5.83809e+03  1.03684e+00  2.55742e-02  7.68169e+00
5.84070e+03  1.01440e+00  2.53998e-02  7.68513e+00
5.84331e+03  9.85904e-01  2.52080e-02  7.68857e+00
5.84592e+03  9.73786e-01  2.51525e-02  7.69200e+00
5.84853e+03  9.37973e-01  2.48674e-02  7.69544e+00
5.85114e+03  9.48584e-01  2.49394e-02  7.69887e+00
5.85376e+03  9.82691e-01  2.51530e-02  7.70231e+00
5.85637e+03  1.01101e+00  2.53711e-02  7.70575e+00
5.85898e+03  1.00068e+00  2.54981e-02  7.70918e+00
5.86159e+03  9.95137e-01  2.60790e-02  7.71262e+00
5.86420e+03  1.01034e+00  2.67017e-02  7.71605e+00
5.86681e+03  9.92595e-01  2.68221e-02  7.71949e+00
5.86942e+03  9.85773e-01  2.69569e-02  7.72293e+00
5.87203e+03  9.88992e-01  2.69593e-02  7.72636e+00
5.87465e+03  9.72009e-01  2.64368e-02  7.72980e+00
5.87726e+03  9.83112e-01  2.60484e-02  7.73323e+00
5.87987e+03  9.86649e-01  2.59171e-02  7.73667e+00
5.88248e+03  9.89406e-01  2.79133e-02  7.74011e+00
5.88509e+03  9.65897e-01  3.40248e-02  7.74354e+00
5.88770e+03  9.95229e-01  3.74747e-02  7.74698e+00
5.89031e+03  9.63530e-01  3.98705e-02  7.75041e+00
5.89293e+03  9.48122e-01  4.18158e-02  7.75385e+00
5.89554e+03  1.00324e+00  4.13058e-02  7.75729e+00
5.89815e+03  1.02769e+00  3.65973e-02  7.76072e+00
5.90076e+03  1.00504e+00  3.30006e-02  7.76416e+00
5.90337e+03  1.01907e+00  3.01661e-02  7.76759e+00
5.90598e+03  1.01412e+00  2.71765e-02  7.77103e+00
5.90859e+03  1.01338e+00  2.66196e-02  7.77446e+00
5.91120e+03  9.98245e-01  2.69842e-02  7.77790e+00
5.91382e+03  1.01661e+00  2.71038e-02  7.78134e+00
5.91643e+03  1.00441e+00  2.69486e-02  7.78477e+00
5.91904e+03  1.04094e+00  2.73143e-02  7.78821e+00
5.92165e+03  9.98197e-01  2.70480e-02  7.79164e+00
5.92426e+03  1.02727e+00  2.68759e-02  7.79508e+00
5.92687e+03  1.02007e+00  2.70517e-02  7.79852e+00
5.92948e+03  1.00026e+00  2.72908e-02  7.80195e+00
5.93210e+03  1.06381e+00  2.75787e-02  7.80539e+00
5.93471e+03  1.06237e+00  2.73916e-02  7.80882e+00
5.93732e+03  1.05406e+00  2.72626e-02  7.81226e+00
5.93993e+03  1.01851e+00  2.68784e-02  7.81570e+00
5.94254e+03  9.79326e-01  2.63240e-02  7.81913e+00
5.94515e+03  9.55872e-01  2.60914e-02  7.82257e+00
5.94776e+03  9.52087e-01  2.65180e-02  7.82600e+00
5.95038e+03  1.00234e+00  2.72379e-02  7.82944e+00
5.95299e+03  1.03885e+00  2.73956e-02  7.83288e+00
5.95560e+03  9.92424e-01  2.69245e-02  7.83631e+00
5.95821e+03  9.78012e-01  2.68141e-02  7.83975e+00
5.96082e+03  1.01642e+00  2.67474e-02  7.84318e+00
5.96343e+03  1.03047e+00  2.64971e-02  7.84662e+00
5.96604e+03  9.85982e-01  2.62720e-02  7.85006e+00
5.96865e+03  9.75062e-01  2.63205e-02  7.85349e+00
5.97127e+03  9.10713e-01  2.60899e-02  7.85693e+00
5.97388e+03  8.67630e-01  2.60718e-02  7.86036e+00
5.97649e+03  9.11590e-01  2.64110e-02  7.86380e+00
5.97910e+03  9.79154e-01  2.67335e-02  7.86724e+00
5.98171e+03  1.02966e+00  2.69173e-02  7.87067e+00
5.98432e+03  9.92453e-01  2.64071e-02  7.87411e+00
5.98693e+03  9.91024e-01  2.60938e-02  7.87754e+00
5.98955e+03  9.94059e-01  2.60163e-02  7.88098e+00
5.99216e+03  9.52339e-01  2.58107e-02  7.88442e+00
5.99477e+03  9.79326e-01  2.60857e-02  7.88785e+00
5.99738e+03  1.00954e+00  2.63605e-02  7.89129e+00
5.99999e+03  9.73712e-01  2.62654e-02  7.89472e+00
6.00260e+03  9.83834e-01  2.63417e-02  7.89816e+00
6.00521e+03  1.02763e+00  2.65218e-02  7.90160e+00
6.00782e+03  1.00140e+00  2.62432e-02  7.90503e+00
6.01044e+03  9.83237e-01  2.60183e-02  7.90847e+00
6.01305e+03  9.71891e-01  2.56978e-02  7.91190e+00
6.01566e+03  9.98984e-01  2.58262e-02  7.91534e+00
6.01827e+03  9.99265e-01  2.57474e-02  7.91878e+00
6.02088e+03  9.95564e-01  2.56614e-02  7.92221e+00
6.02349e+03  1.00064e+00  2.57983e-02  7.92565e+00
6.02610e+03  1.01025e+00  2.58685e-02  7.92908e+00
6.02872e+03  9.89257e-01  2.58679e-02  7.93252e+00
6.03133e+03  1.00146e+00  2.60485e-02  7.93596e+00
6.03394e+03  9.99613e-01  2.59756e-02  7.93939e+00
6.03655e+03  1.04679e+00  2.62191e-02  7.94283e+00
6.03916e+03  9.94285e-01  2.59083e-02  7.94626e+00
6.04177e+03  9.60757e-01  2.55480e-02  7.94970e+00
6.04438e+03  8.58979e-01  2.47467e-02  7.95314e+00
6.04700e+03  7.01228e-01  2.35814e-02  7.95657e+00
6.04961e+03  5.34913e-01  2.22762e-02  7.96001e+00
6.05222e+03  4.32501e-01  2.13670e-02  7.96344e+00
6.05483e+03  4.66261e-01  2.17146e-02  7.96688e+00
6.05744e+03  6.51718e-01  2.32356e-02  7.97032e+00
6.06005e+03  8.69951e-01  2.48200e-02  7.97375e+00
6.06266e+03  9.76025e-01  2.55518e-02  7.97719e+00
6.06527e+03  9.86834e-01  2.56998e-02  7.98062e+00
6.06789e+03  9.02407e-01  2.51082e-02  7.98406e+00
6.07050e+03  7.96815e-01  2.42805e-02  7.98750e+00
6.07311e+03  8.46270e-01  2.46285e-02  7.99093e+00
6.07572e+03  9.27740e-01  2.51504e-02  7.99437e+00
6.07833e+03  9.71385e-01  2.54211e-02  7.99780e+00
6.08094e+03  1.02485e+00  2.57054e-02  8.00124e+00
6.08355e+03  1.01285e+00  2.56204e-02  8.00468e+00
6.08617e+03  9.48547e-01  2.52732e-02  8.00811e+00
6.08878e+03  8.80776e-01  2.47503e-02  8.01155e+00
6.09139e+03  7.47194e-01  2.37820e-02  8.01498e+00
6.09400e+03  6.96842e-01  2.35219e-02  8.01842e+00
6.09661e+03  8.00633e-01  2.43040e-02  8.02186e+00
6.09922e+03  9.16226e-01  2.52016e-02  8.02529e+00
6.10183e+03  9.61831e-01  2.55789e-02  8.02873e+00
6.10444e+03  9.87176e-01  2.57797e-02  8.03216e+00
6.10706e+03  9.98261e-01  2.57998e-02  8.03560e+00
6.10967e+03  1.00454e+00  2.57641e-02  8.03904e+00
6.11228e+03  1.00672e+00  2.57721e-02  8.04247e+00
6.11489e+03  9.75839e-01  2.54877e-02  8.04591e+00
6.11750e+03  9.84884e-01  2.55001e-02  8.04934e+00
6.12011e+03  9.90351e-01  2.55058e-02  8.05278e+00
6.12272e+03  9.78953e-01  2.54224e-02  8.05622e+00
6.12534e+03  9.97247e-01  2.55765e-02  8.05965e+00
6.12795e+03  9.95974e-01  2.55580e-02  8.06309e+00
6.13056e+03  9.65645e-01  2.53952e-02  8.06652e+00
6.13317e+03  9.76279e-01  2.56307e-02  8.06996e+00
6.13578e+03  9.77341e-01  2.58134e-02  8.07340e+00
6.13839e+03  9.68383e-01  2.59148e-02  8.07683e+00
6.14100e+03  9.77853e-01  2.61174e-02  8.08027e+00
6.14362e+03  9.57565e-01  2.60167e-02  8.08370e+00
6.14623e+03  9.55251e-01  2.59213e-02  8.08714e+00
6.14884e+03  9.66885e-01  2.58718e-02  8.09058e+00
6.15145e+03  9.71134e-01  2.57395e-02  8.09401e+00
6.15406e+03  9.92217e-01  2.56386e-02  8.09745e+00
6.15667e+03  9.82119e-01  2.55344e-02  8.10088e+00
6.15928e+03  9.77058e-01  2.55036e-02  8.10432e+00
6.16189e+03  1.00744e+00  2.56929e-02  8.10776e+00
6.16451e+03  9.82367e-01  2.57044e-02  8.11119e+00
6.16712e+03  1.01148e+00  2.61669e-02  8.11463e+00
6.16973e+03  9.98205e-01  2.62136e-02  8.11806e+00
6.17234e+03  1.02768e+00  2.64560e-02  8.12150e+00
6.17495e+03  1.04497e+00  2.66001e-02  8.12494e+00
6.17756e+03  9.84683e-01  2.61340e-02  8.12837e+00
6.18017e+03  9.57349e-01  2.57639e-02  8.13181e+00
6.18279e+03  9.80090e-01  2.58123e-02  8.13524e+00
6.18540e+03  1.01709e+00  2.60356e-02  8.13868e+00
6.18801e+03  1.01024e+00  2.59718e-02  8.14212e+00
6.19062e+03  9.86188e-01  2.58668e-02  8.14555e+00
6.19323e+03  1.00708e+00  2.59561e-02  8.14899e+00
6.19584e+03  9.99710e-01  2.59716e-02  8.15242e+00
6.19845e+03  9.82800e-01  2.60372e-02  8.15586e+00
6.20106e+03  9.84761e-01  2.60992e-02  8.15930e+00
6.20368e+03  9.91763e-01  2.61439e-02  8.16273e+00
6.20629e+03  9.77196e-01  2.60879e-02  8.16617e+00
6.20890e+03  1.00692e+00  2.62858e-02  8.16960e+00
6.21151e+03  1.02173e+00  2.61914e-02  8.17304e+00
6.21412e+03  1.01485e+00  2.61946e-02  8.17648e+00
6.21673e+03  1.01678e+00  2.64430e-02  8.17991e+00
6.21934e+03  9.95353e-01  2.64359e-02  8.18335e+00
6.22196e+03  9.86754e-01  2.63718e-02  8.18678e+00
6.22457e+03  9.78231e-01  2.62705e-02  8.19022e+00
6.22718e+03  1.03592e+00  2.67384e-02  8.19366e+00
6.22979e+03  1.01619e+00  2.74057e-02  8.19709e+00
6.23240e+03  1.01500e+00  2.84191e-02  8.20053e+00
6.23501e+03  9.82309e-01  2.88065e-02  8.20396e+00
6.23762e+03  9.72951e-01  2.91357e-02  8.20740e+00
6.24024e+03  9.97481e-01  2.93881e-02  8.21084e+00
6.24285e+03  1.03251e+00  2.89468e-02  8.21427e+00
6.24546e+03  9.85230e-01  2.75808e-02  8.21771e+00
6.24807e+03  8.35583e-01  2.58623e-02  8.22114e+00
6.25068e+03  7.39661e-01  2.50964e-02  8.22458e+00
6.25329e+03  7.46576e-01  2.58548e-02  8.22802e+00
6.25590e+03  7.92328e-01  2.67492e-02  8.23145e+00
6.25851e+03  8.22471e-01  2.71630e-02  8.23489e+00
6.26113e+03  8.25903e-01  2.75942e-02  8.23832e+00
6.26374e+03  8.08078e-01  2.74297e-02  8.24176e+00
6.26635e+03  8.72523e-01  2.70506e-02  8.24520e+00
6.26896e+03  9.64592e-01  2.71026e-02  8.24863e+00
6.27157e+03  9.61841e-01  2.70486e-02  8.25207e+00
6.27418e+03  9.63381e-01  2.68486e-02  8.25550e+00
6.27679e+03  9.69073e-01  2.66189e-02  8.25894e+00
6.27941e+03  9.69183e-01  2.66441e-02  8.26238e+00
6.28202e+03  9.68233e-01  2.72691e-02  8.26581e+00
6.28463e+03  9.93466e-01  2.80372e-02  8.26925e+00
6.28724e+03  1.02235e+00  2.81433e-02  8.27268e+00
6.28985e+03  9.87810e-01  2.76944e-02  8.27612e+00
6.29246e+03  9.54837e-01  3.07880e-02  8.27956e+00
6.29507e+03  8.99514e-01  4.00941e-02  8.28299e+00
6.29769e+03  9.32818e-01  4.70143e-02  8.28643e+00
6.30030e+03  9.00349e-01  4.75822e-02  8.28986e+00
6.30291e+03  9.33639e-01  4.83511e-02  8.29330e+00
6.30552e+03  9.56816e-01  4.71622e-02  8.29674e+00
6.30813e+03  1.00867e+00  3.94866e-02  8.30017e+00
6.31074e+03  9.70674e-01  2.95988e-02  8.30361e+00
6.31335e+03  9.58788e-01  2.76358e-02  8.30704e+00
6.31596e+03  9.39674e-01  2.69210e-02  8.31048e+00
6.31858e+03  1.00447e+00  2.71798e-02  8.31392e+00
6.32119e+03  1.01207e+00  2.73663e-02  8.31735e+00
6.32380e+03  9.85568e-01  2.78479e-02  8.32079e+00
6.32641e+03  9.91414e-01  2.86537e-02  8.32422e+00
6.32902e+03  1.02642e+00  2.87393e-02  8.32766e+00
6.33163e+03  1.04650e+00  2.85749e-02  8.33110e+00
6.33424e+03  1.01723e+00  2.83100e-02  8.33453e+00
6.33686e+03  9.79053e-01  2.75970e-02  8.33797e+00
6.33947e+03  9.87506e-01  2.67785e-02  8.34140e+00
6.34208e+03  1.01608e+00  2.68076e-02  8.34484e+00
6.34469e+03  9.68062e-01  2.68831e-02  8.34828e+00
6.34730e+03  9.73987e-01  2.70542e-02  8.35171e+00
6.34991e+03  1.00893e+00  2.76598e-02  8.35515e+00
6.35252e+03  9.99478e-01  2.80859e-02  8.35858e+00
6.35513e+03  9.85866e-01  2.82694e-02  8.36202e+00
6.35775e+03  1.00271e+00  3.16994e-02  8.36546e+00
6.36036e+03  1.01438e+00  3.53052e-02  8.36889e+00
6.36297e+03  1.01425e+00  3.58907e-02  8.37233e+00
6.36558e+03  9.83498e-01  3.52102e-02  8.37576e+00
6.36819e+03  9.67835e-01  3.49695e-02  8.37920e+00
6.37080e+03  9.81742e-01  3.21532e-02  8.38264e+00
6.37341e+03  9.83183e-01  2.80383e-02  8.38607e+00
6.37603e+03  9.88884e-01  2.67181e-02  8.38951e+00
6.37864e+03  9.92424e-01  2.69275e-02  8.39294e+00
6.38125e+03  9.92300e-01  2.73048e-02  8.39638e+00
6.38386e+03  9.51180e-01  2.73186e-02  8.39982e+00
6.38647e+03  9.67830e-01  2.72805e-02  8.40325e+00
6.38908e+03  1.03587e+00  2.75513e-02  8.40669e+00
6.39169e+03  1.01574e+00  2.73176e-02  8.41012e+00
6.39431e+03  9.90247e-01  2.68272e-02  8.41356e+00
6.39692e+03  9.65214e-01  2.62894e-02  8.41700e+00
6.39953e+03  1.00680e+00  2.65119e-02  8.42043e+00
6.40214e+03  1.03173e+00  2.66536e-02  8.42387e+00
6.40475e+03  9.92813e-01  2.64097e-02  8.42730e+00
6.40736e+03  9.99590e-01  2.64681e-02  8.43074e+00
6.40997e+03  1.01220e+00  2.66537e-02  8.43418e+00
6.41258e+03  9.85887e-01  2.65239e-02  8.43761e+00
6.41520e+03  1.00672e+00  2.68058e-02  8.44105e+00
6.41781e+03  1.01148e+00  2.70275e-02  8.44448e+00
6.42042e+03  9.70447e-01  2.67125e-02  8.44792e+00
6.42303e+03  9.63104e-01  2.65095e-02  8.45136e+00
6.42564e+03  9.99353e-01  2.66941e-02  8.45479e+00
6.42825e+03  9.90342e-01  2.65347e-02  8.45823e+00
6.43086e+03  1.02328e+00  2.66241e-02  8.46166e+00
6.43348e+03  1.02528e+00  2.65350e-02  8.46510e+00
6.43609e+03  1.01590e+00  2.65155e-02  8.46854e+00
6.43870e+03  9.94832e-01  2.64073e-02  8.47197e+00
6.44131e+03  1.01621e+00  2.65279e-02  8.47541e+00
6.44392e+03  9.91237e-01  2.64607e-02  8.47884e+00
6.44653e+03  1.01181e+00  2.67393e-02  8.48228e+00
6.44914e+03  1.02974e+00  2.68902e-02  8.48572e+00
6.45176e+03  9.89291e-01  2.67306e-02  8.48915e+00
6.45437e+03  9.72761e-01  2.67312e-02  8.49259e+00
6.45698e+03  1.01057e+00  2.71720e-02  8.49602e+00
6.45959e+03  9.87039e-01  2.75462e-02  8.49946e+00
6.46220e+03  9.89633e-01  2.81141e-02  8.50290e+00
6.46481e+03  9.80920e-01  2.85455e-02  8.50633e+00
6.46742e+03  9.07303e-01  2.85113e-02  8.50977e+00
6.47003e+03  8.79992e-01  2.83092e-02  8.51320e+00
6.47265e+03  9.39243e-01  2.82412e-02  8.51664e+00
6.47526e+03  9.70192e-01  2.78859e-02  8.52008e+00
6.47787e+03  9.84646e-01  2.73646e-02  8.52351e+00
6.48048e+03  9.92080e-01  2.68473e-02  8.52695e+00
6.48309e+03  9.69569e-01  2.64590e-02  8.53038e+00
6.48570e+03  9.56405e-01  2.62456e-02  8.53382e+00
6.48831e+03  9.61951e-01  2.61330e-02  8.53726e+00
6.49093e+03  9.83786e-01  2.65725e-02  8.54069e+00
6.49354e+03  9.90064e-01  2.75907e-02  8.54413e+00
6.49615e+03  1.00135e+00  2.84936e-02  8.54756e+00
6.49876e+03  1.02340e+00  2.90062e-02  8.55100e+00
6.50137e+03  1.03659e+00  2.94205e-02  8.55444e+00
6.50398e+03  1.04782e+00  2.93875e-02  8.55787e+00
6.50659e+03  1.03335e+00  2.85244e-02  8.56131e+00
6.50920e+03  1.03488e+00  2.76368e-02  8.56474e+00
6.51182e+03  1.02591e+00  2.73056e-02  8.56818e+00
6.51443e+03  1.03055e+00  2.69883e-02  8.57162e+00
6.51704e+03  1.03145e+00  2.71524e-02  8.57505e+00
6.51965e+03  1.01371e+00  2.72821e-02  8.57849e+00
6.52226e+03  1.00387e+00  2.71283e-02  8.58192e+00
6.52487e+03  9.90674e-01  2.71634e-02  8.58536e+00
6.52748e+03  9.80680e-01  2.78069e-02  8.58880e+00
6.53010e+03  9.89391e-01  2.83245e-02  8.59223e+00
6.53271e+03  9.71817e-01  2.81142e-02  8.59567e+00
6.53532e+03  9.35700e-01  2.79073e-02  8.59910e+00
6.53793e+03  9.72828e-01  2.83499e-02  8.60254e+00
6.54054e+03  1.03576e+00  2.85830e-02  8.60598e+00
6.54315e+03  1.00501e+00  2.76950e-02  8.60941e+00
6.54576e+03  1.00284e+00  2.77049e-02  8.61285e+00
6.54838e+03  9.71883e-01  2.84809e-02  8.61628e+00
6.55099e+03  9.62455e-01  2.88395e-02  8.61972e+00
6.55360e+03  1.01127e+00  2.88325e-02  8.62315e+00
6.55621e+03  1.04399e+00  2.90740e-02  8.62659e+00
6.55882e+03  9.95626e-01  2.90635e-02  8.63003e+00
6.56143e+03  1.00295e+00  2.84536e-02  8.63346e+00
6.56404e+03  9.77147e-01  2.78796e-02  8.63690e+00
6.56665e+03  9.81497e-01  2.80181e-02  8.64034e+00
6.56927e+03  9.89809e-01  2.80865e-02  8.64377e+00
6.57188e+03  9.76141e-01  2.84041e-02  8.64721e+00
6.57449e+03  9.97717e-01  2.88909e-02  8.65064e+00
6.57710e+03  9.99148e-01  2.87573e-02  8.65408e+00
6.57971e+03  9.82181e-01  2.84173e-02  8.65752e+00
6.58232e+03  9.81086e-01  2.82768e-02  8.66095e+00
6.58493e+03  9.76778e-01  2.75485e-02  8.66439e+00
6.58755e+03  9.00398e-01  2.62202e-02  8.66782e+00
6.59016e+03  8.46511e-01  2.58748e-02  8.67126e+00
6.59277e+03  8.97054e-01  2.65595e-02  8.67469e+00
6.59538e+03  9.50459e-01  2.70402e-02  8.67813e+00
6.59799e+03  9.59556e-01  2.74236e-02  8.68157e+00
6.60060e+03  9.42907e-01  2.78017e-02  8.68500e+00
6.60321e+03  9.88235e-01  2.80893e-02  8.68844e+00
6.60582e+03  1.01008e+00  2.79823e-02  8.69187e+00
6.60844e+03  9.48593e-01  2.74222e-02  8.69531e+00
6.61105e+03  9.63601e-01  2.72255e-02  8.69875e+00
6.61366e+03  9.48222e-01  2.66805e-02  8.70218e+00
6.61627e+03  9.43402e-01  2.64172e-02  8.70562e+00
6.61888e+03  9.42552e-01  2.64513e-02  8.70905e+00
6.62149e+03  8.59862e-01  2.59294e-02  8.71249e+00
6.62410e+03  7.94410e-01  2.55183e-02  8.71593e+00
6.62672e+03  8.36193e-01  2.59756e-02  8.71936e+00
6.62933e+03  9.17987e-01  2.69511e-02  8.72280e+00
6.63194e+03  9.44426e-01  2.72673e-02  8.72623e+00
6.63455e+03  9.33996e-01  2.71483e-02  8.72967e+00
6.63716e+03  9.09791e-01  2.69618e-02  8.73311e+00
6.63977e+03  9.53112e-01  2.70724e-02  8.73654e+00
6.64238e+03  1.02043e+00  2.73334e-02  8.73998e+00
6.64500e+03  1.00853e+00  2.71711e-02  8.74341e+00
6.64761e+03  9.74613e-01  2.68900e-02  8.74685e+00
6.65022e+03  9.78196e-01  2.69226e-02  8.75029e+00
6.65283e+03  9.75861e-01  2.69720e-02  8.75372e+00
6.65544e+03  9.87308e-01  2.71276e-02  8.75716e+00
6.65805e+03  1.03241e+00  2.74244e-02  8.76059e+00
6.66066e+03  1.00151e+00  2.72397e-02  8.76403e+00
6.66327e+03  1.01147e+00  2.74754e-02  8.76747e+00
6.66589e+03  1.01608e+00  2.75551e-02  8.77090e+00
6.66850e+03  9.91416e-01  2.73330e-02  8.77434e+00
6.67111e+03  9.96843e-01  2.72912e-02  8.77777e+00
6.67372e+03  9.85691e-01  2.71858e-02  8.78121e+00
6.67633e+03  9.62368e-01  2.69374e-02  8.78465e+00
6.67894e+03  9.80636e-01  2.69637e-02  8.78808e+00
6.68155e+03  9.90423e-01  2.70742e-02  8.79152e+00
6.68417e+03  9.87281e-01  2.71041e-02  8.79495e+00
6.68678e+03  9.72057e-01  2.69967e-02  8.79839e+00
6.68939e+03  9.90431e-01  2.71740e-02  8.80183e+00
6.69200e+03  1.01404e+00  2.74658e-02  8.80526e+00
6.69461e+03  9.73610e-01  2.72286e-02  8.80870e+00
6.69722e+03  9.52532e-01  2.70681e-02  8.81213e+00
6.69983e+03  9.65576e-01  2.72732e-02  8.81557e+00
6.70244e+03  9.59754e-01  2.73400e-02  8.81901e+00
6.70506e+03  9.47798e-01  2.72754e-02  8.82244e+00
6.70767e+03  1.00037e+00  2.75966e-02  8.82588e+00
6.71028e+03  9.81177e-01  2.74586e-02  8.82931e+00
6.71289e+03  9.74786e-01  2.74194e-02  8.83275e+00
6.71550e+03  9.43811e-01  2.70627e-02  8.83619e+00
6.71811e+03  8.06353e-01  2.59622e-02  8.83962e+00
6.72072e+03  5.89395e-01  2.41081e-02  8.84306e+00
6.72334e+03  3.83683e-01  2.21834e-02  8.84649e+00
6.72595e+03  2.98423e-01  2.13269e-02  8.84993e+00
6.72856e+03  3.70345e-01  2.20999e-02  8.85337e+00
6.73117e+03  4.23255e-01  2.25992e-02  8.85680e+00
6.73378e+03  4.11189e-01  2.25378e-02  8.86024e+00
6.73639e+03  4.23431e-01  2.26851e-02  8.86367e+00
6.73900e+03  5.20230e-01  2.36771e-02  8.86711e+00
6.74162e+03  6.60647e-01  2.50574e-02  8.87055e+00
6.74423e+03  8.46983e-01  2.65454e-02  8.87398e+00
6.74684e+03  9.38226e-01  2.72577e-02  8.87742e+00
6.74945e+03  9.63506e-01  2.74490e-02  8.88085e+00
6.75206e+03  9.73508e-01  2.74988e-02  8.88429e+00
6.75467e+03  9.96424e-01  2.75914e-02  8.88773e+00
6.75728e+03  9.52478e-01  2.71985e-02  8.89116e+00
6.75989e+03  9.25608e-01  2.70399e-02  8.89460e+00
6.76251e+03  9.96656e-01  2.75176e-02  8.89803e+00
6.76512e+03  9.88981e-01  2.74690e-02  8.90147e+00
6.76773e+03  9.79309e-01  2.74451e-02  8.90491e+00
6.77034e+03  1.02191e+00  2.77583e-02  8.90834e+00
6.77295e+03  1.04127e+00  2.78962e-02  8.91178e+00
6.77556e+03  1.00506e+00  2.76066e-02  8.91521e+00
6.77817e+03  9.76892e-01  2.74431e-02  8.91865e+00
6.78079e+03  9.70013e-01  2.74665e-02  8.92209e+00
6.78340e+03  9.46655e-01  2.73189e-02  8.92552e+00
6.78601e+03  9.59727e-01  2.74634e-02  8.92896e+00
6.78862e+03  9.83194e-01  2.76884e-02  8.93239e+00
6.79123e+03  9.75370e-01  2.76352e-02  8.93583e+00
6.79384e+03  9.79467e-01  2.76087e-02  8.93927e+00
6.79645e+03  1.00663e+00  2.78159e-02  8.94270e+00
6.79907e+03  1.02108e+00  2.79113e-02  8.94614e+00
6.80168e+03  1.03671e+00  2.79603e-02  8.94957e+00
6.80429e+03  1.01836e+00  2.78869e-02  8.95301e+00
6.80690e+03  9.89676e-01  2.77231e-02  8.95645e+00
6.80951e+03  1.02688e+00  2.80098e-02  8.95988e+00
6.81212e+03  1.01389e+00  2.79413e-02  8.96332e+00
6.81473e+03  9.83606e-01  2.77147e-02  8.96675e+00
6.81734e+03  9.78605e-01  2.76698e-02  8.97019e+00
6.81996e+03  9.96252e-01  2.81232e-02  8.97363e+00
6.82257e+03  9.55118e-01  2.93110e-02  8.97706e+00
6.82518e+03  9.78284e-01  3.18335e-02  8.98050e+00
6.82779e+03  9.98818e-01  3.35946e-02  8.98393e+00
6.83040e+03  9.81852e-01  3.50892e-02  8.98737e+00
6.83301e+03  1.01824e+00  3.57517e-02  8.99081e+00
6.83562e+03  1.00390e+00  3.49224e-02  8.99424e+00
6.83824e+03  1.00123e+00  3.32498e-02  8.99768e+00
6.84085e+03  1.01186e+00  3.17403e-02  9.00111e+00
6.84346e+03  1.01419e+00  3.00353e-02  9.00455e+00
6.84607e+03  1.00164e+00  2.92467e-02  9.00799e+00
6.84868e+03  9.83825e-01  2.89070e-02  9.01142e+00
6.85129e+03  9.88504e-01  2.84939e-02  9.01486e+00
6.85390e+03  9.99883e-01  2.83140e-02  9.01829e+00
6.85651e+03  9.68422e-01  2.91150e-02  9.02173e+00
6.85913e+03  9.51944e-01  3.18746e-02  9.02517e+00
6.86174e+03  9.69802e-01  3.36412e-02  9.02860e+00
6.86435e+03  9.22714e-01  3.33748e-02  9.03204e+00
6.86696e+03  8.26493e-01  3.29472e-02  9.03547e+00
6.86957e+03  7.56391e-01  3.17130e-02  9.03891e+00
6.87218e+03  7.41973e-01  2.87135e-02  9.04235e+00
6.87479e+03  7.88743e-01  2.70231e-02  9.04578e+00
6.87741e+03  8.46721e-01  2.78724e-02  9.04922e+00
6.88002e+03  8.95139e-01  2.81928e-02  9.05265e+00
6.88263e+03  8.91466e-01  2.84817e-02  9.05609e+00
6.88524e+03  8.84502e-01  2.92672e-02  9.05953e+00
6.88785e+03  9.32438e-01  2.96818e-02  9.06296e+00
6.89046e+03  8.82476e-01  2.88811e-02  9.06640e+00
6.89307e+03  8.79001e-01  2.88906e-02  9.06983e+00
6.89569e+03  8.93872e-01  2.93872e-02  9.07327e+00
6.89830e+03  9.16705e-01  2.93750e-02  9.07671e+00
6.90091e+03  9.12089e-01  2.90835e-02  9.08014e+00
6.90352e+03  8.90870e-01  2.89071e-02  9.08358e+00
6.90613e+03  9.13188e-01  2.95621e-02  9.08701e+00
6.90874e+03  9.23959e-01  3.03179e-02  9.09045e+00
6.91135e+03  9.39477e-01  3.01203e-02  9.09389e+00
6.91396e+03  9.18182e-01  2.98611e-02  9.09732e+00
6.91658e+03  9.37681e-01  3.09240e-02  9.10076e+00
6.91919e+03  9.62463e-01  3.27150e-02  9.10419e+00
6.92180e+03  9.63037e-01  3.23438e-02  9.10763e+00
6.92441e+03  9.41252e-01  3.18291e-02  9.11107e+00
6.92702e+03  9.06967e-01  3.16131e-02  9.11450e+00
6.92963e+03  9.35394e-01  3.10980e-02  9.11794e+00
6.93224e+03  9.72056e-01  2.98116e-02  9.12137e+00
6.93486e+03  9.69110e-01  2.99803e-02  9.12481e+00
6.93747e+03  9.95436e-01  3.07475e-02  9.12825e+00
6.94008e+03  1.05463e+00  3.12539e-02  9.13168e+00
6.94269e+03  1.02741e+00  3.26297e-02  9.13512e+00
6.94530e+03  9.61249e-01  3.39967e-02  9.13855e+00
6.94791e+03  9.47826e-01  3.36411e-02  9.14199e+00
6.95052e+03  9.96703e-01  3.32504e-02  9.14543e+00
6.95314e+03  9.88468e-01  3.33522e-02  9.14886e+00
6.95575e+03  9.63521e-01  3.21388e-02  9.15230e+00
6.95836e+03  9.96125e-01  3.02467e-02  9.15573e+00
6.96097e+03  9.95234e-01  2.93614e-02  9.15917e+00
6.96358e+03  1.01196e+00  3.00121e-02  9.16261e+00
6.96619e+03  9.87661e-01  3.06161e-02  9.16604e+00
6.96880e+03  9.43498e-01  3.03867e-02  9.16948e+00
6.97141e+03  9.71035e-01  3.11708e-02  9.17291e+00
6.97403e+03  9.72707e-01  3.26233e-02  9.17635e+00
6.97664e+03  9.96291e-01  3.29990e-02  9.17979e+00
6.97925e+03  1.01280e+00  3.24557e-02  9.18322e+00
6.98186e+03  9.74455e-01  3.21711e-02  9.18666e+00
6.98447e+03  9.20822e-01  3.14102e-02  9.19009e+00
6.98708e+03  9.76739e-01  3.03048e-02  9.19353e+00
6.98969e+03  9.79288e-01  2.95140e-02  9.19697e+00
6.99231e+03  9.55691e-01  2.93658e-02  9.20040e+00
6.99492e+03  9.36565e-01  2.92331e-02  9.20384e+00
6.99753e+03  9.82424e-01  2.98590e-02  9.20727e+00
7.00014e+03  1.02888e+00  3.06152e-02  9.21071e+00
7.00275e+03  9.78471e-01  3.03894e-02  9.21415e+00
7.00536e+03  9.61683e-01  3.07701e-02  9.21758e+00
7.00797e+03  9.35732e-01  3.11608e-02  9.22102e+00
7.01058e+03  9.32698e-01  3.10321e-02  9.22445e+00
7.01320e+03  9.42630e-01  3.06742e-02  9.22789e+00
7.01581e+03  9.27087e-01  3.04746e-02  9.23133e+00
7.01842e+03  9.64017e-01  3.02568e-02  9.23476e+00
7.02103e+03  9.89603e-01  2.96471e-02  9.23820e+00
7.02364e+03  1.02387e+00  2.96436e-02  9.24163e+00
7.02625e+03  1.02802e+00  2.98183e-02  9.24507e+00
7.02886e+03  1.00337e+00  2.97226e-02  9.24851e+00
7.03148e+03  9.89909e-01  2.96096e-02  9.25194e+00
7.03409e+03  1.00915e+00  2.98337e-02  9.25538e+00
7.03670e+03  1.03602e+00  3.02548e-02  9.25881e+00
7.03931e+03  1.01296e+00  3.03889e-02  9.26225e+00
7.04192e+03  9.87411e-01  3.08396e-02  9.26569e+00
7.04453e+03  1.00761e+00  3.18296e-02  9.26912e+00
7.04714e+03  1.02517e+00  3.24114e-02  9.27256e+00
7.04976e+03  1.00620e+00  3.23425e-02  9.27599e+00
7.05237e+03  1.00399e+00  3.21724e-02  9.27943e+00
7.05498e+03  9.79055e-01  3.15170e-02  9.28287e+00
7.05759e+03  9.73150e-01  3.07942e-02  9.28630e+00
7.06020e+03  9.73883e-01  3.05459e-02  9.28974e+00
7.06281e+03  9.94927e-01  3.07486e-02  9.29317e+00
7.06542e+03  9.90987e-01  3.08473e-02  9.29661e+00
7.06803e+03  1.00457e+00  3.11854e-02  9.30005e+00
7.07065e+03  1.02381e+00  3.13995e-02  9.30348e+00
7.07326e+03  9.93133e-01  3.12234e-02  9.30692e+00
7.07587e+03  1.00166e+00  3.12129e-02  9.31035e+00
7.07848e+03  1.00178e+00  3.13340e-02  9.31379e+00
7.08109e+03  1.00649e+00  3.14168e-02  9.31723e+00
7.08370e+03  1.01367e+00  3.17033e-02  9.32066e+00
7.08631e+03  9.80792e-01  3.15764e-02  9.32410e+00
7.08893e+03  9.98819e-01  3.16524e-02  9.32753e+00
7.09154e+03  1.03890e+00  3.17284e-02  9.33097e+00
7.09415e+03  1.02093e+00  3.14899e-02  9.33441e+00
7.09676e+03  1.03599e+00  3.12659e-02  9.33784e+00
7.09937e+03  1.03169e+00  3.09101e-02  9.34128e+00
7.10198e+03  1.05384e+00  3.10166e-02  9.34471e+00
7.10459e+03  1.01482e+00  3.07731e-02  9.34815e+00
7.10720e+03  9.94089e-01  3.06453e-02  9.35159e+00
7.10982e+03  1.03980e+00  3.10325e-02  9.35502e+00
7.11243e+03  1.05249e+00  3.11451e-02  9.35846e+00
7.11504e+03  1.00782e+00  3.07841e-02  9.36189e+00
7.11765e+03  9.65679e-01  3.04300e-02  9.36533e+00
7.12026e+03  8.97403e-01  2.99304e-02  9.36877e+00
7.12287e+03  8.02452e-01  2.93455e-02  9.37220e+00
7.12548e+03  7.73448e-01  2.92824e-02  9.37564e+00
7.12810e+03  8.18477e-01  2.99099e-02  9.37907e+00
7.13071e+03  9.05066e-01  3.08207e-02  9.38251e+00
7.13332e+03  9.37621e-01  3.10438e-02  9.38595e+00
7.13593e+03  9.63759e-01  3.13796e-02  9.38938e+00
7.13854e+03  9.39201e-01  3.14150e-02  9.39282e+00
7.14115e+03  8.19495e-01  3.06917e-02  9.39625e+00
7.14376e+03  7.36972e-01  3.02026e-02  9.39969e+00
7.14638e+03  7.95460e-01  3.09133e-02  9.40313e+00
7.14899e+03  9.01639e-01  3.16998e-02  9.40656e+00
7.15160e+03  9.76232e-01  3.19694e-02  9.41000e+00
7.15421e+03  1.00159e+00  3.18637e-02  9.41343e+00
7.15682e+03  9.70958e-01  3.16123e-02  9.41687e+00
7.15943e+03  9.70333e-01  3.16459e-02  9.42031e+00
7.16204e+03  9.65128e-01  3.17441e-02  9.42374e+00
7.16465e+03  9.62406e-01  3.18819e-02  9.42718e+00
7.16727e+03  9.41663e-01  3.17044e-02  9.43061e+00
7.16988e+03  9.80530e-01  3.20665e-02  9.43405e+00
7.17249e+03  9.65476e-01  3.19828e-02  9.43749e+00
7.17510e+03  9.81250e-01  3.21772e-02  9.44092e+00
7.17771e+03  9.82504e-01  3.22425e-02  9.44436e+00
7.18032e+03  9.70865e-01  3.20431e-02  9.44779e+00
7.18293e+03  9.85129e-01  3.19606e-02  9.45123e+00
7.18555e+03  9.69181e-01  3.16923e-02  9.45467e+00
7.18816e+03  9.22603e-01  3.11271e-02  9.45810e+00
7.19077e+03  9.25104e-01  3.09247e-02  9.46154e+00
7.19338e+03  9.46889e-01  3.10207e-02  9.46497e+00
7.19599e+03  9.45254e-01  3.11075e-02  9.46841e+00
7.19860e+03  9.72344e-01  3.14374e-02  9.47185e+00
7.20121e+03  9.61007e-01  3.13462e-02  9.47528e+00
7.20382e+03  9.05806e-01  3.09443e-02  9.47872e+00
7.20644e+03  9.44770e-01  3.13058e-02  9.48215e+00
7.20905e+03  1.00616e+00  3.17697e-02  9.48559e+00
7.21166e+03  1.00393e+00  3.18211e-02  9.48903e+00
7.21427e+03  9.94180e-01  3.18942e-02  9.49246e+00
7.21688e+03  9.61477e-01  3.18496e-02  9.49590e+00
7.21949e+03  9.89131e-01  3.23200e-02  9.49933e+00
7.22210e+03  1.02163e+00  3.28201e-02  9.50277e+00
7.22472e+03  1.00598e+00  3.29012e-02  9.50620e+00
7.22733e+03  1.02588e+00  3.31667e-02  9.50964e+00
7.22994e+03  9.66051e-01  3.28748e-02  9.51308e+00
7.23255e+03  1.00421e+00  3.51899e-02  9.51651e+00
7.23516e+03  1.00383e+00  4.08524e-02  9.51995e+00
7.23777e+03  9.92857e-01  4.54016e-02  9.52338e+00
7.24038e+03  1.01865e+00  5.01609e-02  9.52682e+00
7.24300e+03  1.00217e+00  5.21166e-02  9.53026e+00
7.24561e+03  9.11340e-01  5.12193e-02  9.53369e+00
7.24822e+03  9.92425e-01  4.86010e-02  9.53713e+00
7.25083e+03  1.00691e+00  4.50671e-02  9.54056e+00
7.25344e+03  9.19089e-01  3.93382e-02  9.54400e+00
7.25605e+03  9.16497e-01  3.62117e-02  9.54744e+00
7.25866e+03  9.40429e-01  3.58091e-02  9.55087e+00
7.26127e+03  9.72803e-01  3.50953e-02  9.55431e+00
7.26389e+03  1.00935e+00  3.44528e-02  9.55774e+00
7.26650e+03  9.97463e-01  3.42485e-02  9.56118e+00
7.26911e+03  9.71551e-01  3.74216e-02  9.56462e+00
7.27172e+03  1.00348e+00  4.40235e-02  9.56805e+00
7.27433e+03  9.98061e-01  4.72496e-02  9.57149e+00
7.27694e+03  9.64935e-01  4.75722e-02  9.57492e+00
7.27955e+03  9.86599e-01  4.97053e-02  9.57836e+00
7.28217e+03  9.98315e-01  4.95521e-02  9.58180e+00
7.28478e+03  9.69343e-01  4.41903e-02  9.58523e+00
7.28739e+03  9.47753e-01  3.99651e-02  9.58867e+00
7.29000e+03  9.74969e-01  3.98641e-02  9.59210e+00
7.29261e+03  9.95769e-01  3.84461e-02  9.59554e+00
7.29522e+03  1.03625e+00  3.66851e-02  9.59898e+00
7.29783e+03  1.03236e+00  3.75045e-02  9.60241e+00
7.30045e+03  1.02906e+00  3.90699e-02  9.60585e+00
7.30306e+03  9.62395e-01  3.84892e-02  9.60928e+00
7.30567e+03  9.67612e-01  3.75670e-02  9.61272e+00
7.30828e+03  1.01687e+00  3.88076e-02  9.61616e+00
7.31089e+03  9.93291e-01  4.26345e-02  9.61959e+00
7.31350e+03  1.01066e+00  4.45977e-02  9.62303e+00
7.31611e+03  9.41362e-01  4.40856e-02  9.62646e+00
7.31872e+03  9.51865e-01  4.40736e-02  9.62990e+00
7.32134e+03  9.81128e-01  4.41281e-02  9.63334e+00
7.32395e+03  9.77506e-01  4.25016e-02  9.63677e+00
7.32656e+03  1.00877e+00  4.03156e-02  9.64021e+00
7.32917e+03  1.00071e+00  3.94891e-02  9.64364e+00
7.33178e+03  1.05770e+00  4.03034e-02  9.64708e+00
7.33439e+03  1.06450e+00  4.42208e-02  9.65052e+00
7.33700e+03  1.00952e+00  4.74243e-02  9.65395e+00
7.33962e+03  9.98632e-01  4.76447e-02  9.65739e+00
7.34223e+03  9.89947e-01  4.73678e-02  9.66082e+00
7.34484e+03  9.81461e-01  4.76541e-02  9.66426e+00
7.34745e+03  9.69535e-01  4.47105e-02  9.66770e+00
7.35006e+03  9.81518e-01  3.88543e-02  9.67113e+00
7.35267e+03  9.77702e-01  3.76314e-02  9.67457e+00
7.35528e+03  9.54118e-01  4.01258e-02  9.67800e+00
7.35789e+03  9.90521e-01  4.06371e-02  9.68144e+00
7.36051e+03  9.77520e-01  4.05716e-02  9.68488e+00
7.36312e+03  9.69244e-01  4.37466e-02  9.68831e+00
7.36573e+03  1.01904e+00  4.79499e-02  9.69175e+00
7.36834e+03  1.03119e+00  4.67048e-02  9.69518e+00
7.37095e+03  1.05996e+00  4.63797e-02  9.69862e+00
7.37356e+03  1.01355e+00  4.61447e-02  9.70206e+00
7.37617e+03  9.94565e-01  4.35404e-02  9.70549e+00
7.37879e+03  1.04347e+00  3.76736e-02  9.70893e+00
7.38140e+03  9.94359e-01  3.52066e-02  9.71236e+00
7.38401e+03  9.97092e-01  3.54546e-02  9.71580e+00
7.38662e+03  9.56598e-01  3.70713e-02  9.71924e+00
7.38923e+03  9.72330e-01  3.89828e-02  9.72267e+00
7.39184e+03  9.44922e-01  3.89530e-02  9.72611e+00
7.39445e+03  1.01228e+00  4.04824e-02  9.72954e+00
7.39707e+03  1.03900e+00  4.45673e-02  9.73298e+00
7.39968e+03  1.02351e+00  4.50140e-02  9.73642e+00
7.40229e+03  1.03214e+00  4.35705e-02  9.73985e+00
7.40490e+03  1.02971e+00  4.32132e-02  9.74329e+00
7.40751e+03  9.91271e-01  4.24580e-02  9.74672e+00
7.41012e+03  9.91738e-01  3.86141e-02  9.75016e+00
7.41273e+03  1.03435e+00  3.60874e-02  9.75360e+00
7.41534e+03  1.03401e+00  3.59206e-02  9.75703e+00
7.41796e+03  1.02073e+00  3.59475e-02  9.76047e+00
7.42057e+03  1.00992e+00  3.57556e-02  9.76390e+00
7.42318e+03  9.86163e-01  3.62418e-02  9.76734e+00
7.42579e+03  9.68643e-01  3.73478e-02  9.77078e+00
7.42840e+03  9.81130e-01  3.79039e-02  9.77421e+00
7.43101e+03  1.01048e+00  3.89212e-02  9.77765e+00
7.43362e+03  1.04413e+00  4.13617e-02  9.78108e+00
7.43624e+03  1.04778e+00  4.23346e-02  9.78452e+00
7.43885e+03  9.83754e-01  4.06573e-02  9.78796e+00
7.44146e+03  9.71221e-01  4.00981e-02  9.79139e+00
7.44407e+03  9.73100e-01  3.95055e-02  9.79483e+00
7.44668e+03  9.85797e-01  3.75086e-02  9.79826e+00
7.44929e+03  1.01212e+00  3.58657e-02  9.80170e+00
7.45190e+03  1.04228e+00  3.59302e-02  9.80514e+00
7.45452e+03  1.00466e+00  3.58187e-02  9.80857e+00
7.45713e+03  9.99803e-01  3.62923e-02  9.81201e+00
7.45974e+03  9.91062e-01  3.69568e-02  9.81544e+00
7.46235e+03  1.00039e+00  3.79529e-02  9.81888e+00
7.46496e+03  9.36068e-01  3.84078e-02  9.82232e+00
7.46757e+03  9.22064e-01  3.98724e-02  9.82575e+00
7.47018e+03  9.37476e-01  4.08368e-02  9.82919e+00
7.47279e+03  9.26497e-01  4.12598e-02  9.83262e+00
7.47541e+03  9.61356e-01  4.25674e-02  9.83606e+00
7.47802e+03  1.00324e+00  4.37770e-02  9.83950e+00
7.48063e+03  9.82968e-01  4.30820e-02  9.84293e+00
7.48324e+03  9.94788e-01  4.21771e-02  9.84637e+00
7.48585e+03  9.76057e-01  4.11711e-02  9.84980e+00
7.48846e+03  9.59163e-01  3.98707e-02  9.85324e+00
7.49107e+03  9.71445e-01  3.81950e-02  9.85668e+00
7.49369e+03  9.57656e-01  3.68996e-02  9.86011e+00
7.49630e+03  1.00899e+00  3.70694e-02  9.86355e+00
7.49891e+03  1.03380e+00  3.70973e-02  9.86698e+00
7.50152e+03  9.67322e-01  3.61781e-02  9.87042e+00
7.50413e+03  9.41138e-01  3.55411e-02  9.87386e+00
7.50674e+03  9.58727e-01  3.55740e-02  9.87729e+00
7.50935e+03  9.86156e-01  3.58324e-02  9.88073e+00
7.51196e+03  9.32469e-01  3.57071e-02  9.88416e+00
7.51458e+03  8.80836e-01  3.59861e-02  9.88760e+00
7.51719e+03  9.14670e-01  3.84510e-02  9.89104e+00
7.51980e+03  9.31031e-01  4.27650e-02  9.89447e+00
7.52241e+03  9.42713e-01  4.43658e-02  9.89791e+00
7.52502e+03  9.10535e-01  4.47039e-02  9.90134e+00
7.52763e+03  9.73032e-01  4.54119e-02  9.90478e+00
7.53024e+03  9.54452e-01  4.40953e-02  9.90822e+00
7.53286e+03  9.81212e-01  4.04669e-02  9.91165e+00
7.53547e+03  1.00132e+00  3.89674e-02  9.91509e+00
7.53808e+03  9.73910e-01  3.80169e-02  9.91852e+00
7.54069e+03  1.01031e+00  3.74337e-02  9.92196e+00
7.54330e+03  1.02345e+00  3.71654e-02  9.92540e+00
7.54591e+03  1.05971e+00  3.73318e-02  9.92883e+00
7.54852e+03  1.07527e+00  3.72174e-02  9.93227e+00
7.55114e+03  1.02401e+00  3.71436e-02  9.93570e+00
7.55375e+03  9.59905e-01  3.73672e-02  9.93914e+00
7.55636e+03  1.01002e+00  3.81535e-02  9.94258e+00
7.55897e+03  1.06614e+00  3.86401e-02  9.94601e+00
7.56158e+03  1.04240e+00  3.85932e-02  9.94945e+00
7.56419e+03  9.86385e-01  3.87758e-02  9.95288e+00
7.56680e+03  9.79790e-01  4.06048e-02  9.95632e+00
7.56941e+03  1.00548e+00  4.23675e-02  9.95976e+00
7.57203e+03  9.87942e-01  4.25376e-02  9.96319e+00
7.57464e+03  9.49899e-01  4.21430e-02  9.96663e+00
7.57725e+03  9.23954e-01  4.10604e-02  9.97006e+00
7.57986e+03  9.43144e-01  3.96406e-02  9.97350e+00
7.58247e+03  1.00198e+00  3.87632e-02  9.97694e+00
7.58508e+03  1.02164e+00  3.85437e-02  9.98037e+00
7.58769e+03  9.87535e-01  3.82506e-02  9.98381e+00
7.59031e+03  9.45932e-01  3.80122e-02  9.98724e+00
7.59292e+03  8.15366e-01  3.69529e-02  9.99068e+00
7.59553e+03  6.51466e-01  3.48283e-02  9.99412e+00
7.59814e+03  5.23103e-01  3.27369e-02  9.99755e+00
7.60075e+03  3.58589e-01  3.06531e-02  1.00010e+01
7.60336e+03  3.24871e-01  2.97728e-02  1.00044e+01
7.60597e+03  3.48658e-01  2.90136e-02  1.00079e+01
7.60858e+03  3.60775e-01  2.80986e-02  1.00113e+01
7.61120e+03  4.26842e-01  2.93305e-02  1.00147e+01
7.61381e+03  5.36124e-01  3.22126e-02  1.00182e+01
7.61642e+03  6.69880e-01  3.45888e-02  1.00216e+01
7.61903e+03  7.29861e-01  3.56186e-02  1.00250e+01
7.62164e+03  7.02765e-01  3.61989e-02  1.00285e+01
7.62425e+03  5.99918e-01  3.64352e-02  1.00319e+01
7.62686e+03  5.75770e-01  3.57622e-02  1.00353e+01
7.62948e+03  5.77310e-01  3.49256e-02  1.00388e+01
7.63209e+03  5.44686e-01  3.43198e-02  1.00422e+01
7.63470e+03  5.83443e-01  3.41001e-02  1.00457e+01
7.63731e+03  5.87753e-01  3.28033e-02  1.00491e+01
7.63992e+03  5.86107e-01  3.19616e-02  1.00525e+01
7.64253e+03  6.46296e-01  3.26515e-02  1.00560e+01
7.64514e+03  6.84958e-01  3.32904e-02  1.00594e+01
7.64776e+03  6.71716e-01  3.38299e-02  1.00628e+01
7.65037e+03  6.80166e-01  3.44623e-02  1.00663e+01
7.65298e+03  7.24445e-01  3.48774e-02  1.00697e+01
7.65559e+03  7.67818e-01  3.59053e-02  1.00731e+01
7.65820e+03  8.58489e-01  3.78732e-02  1.00766e+01
7.66081e+03  8.17172e-01  3.76491e-02  1.00800e+01
7.66342e+03  8.36956e-01  3.74347e-02  1.00835e+01
7.66603e+03  8.34857e-01  3.74512e-02  1.00869e+01
7.66865e+03  8.68217e-01  3.73672e-02  1.00903e+01
7.67126e+03  8.56706e-01  3.60793e-02  1.00938e+01
7.67387e+03  8.96662e-01  3.59230e-02  1.00972e+01
7.67648e+03  8.65642e-01  3.59534e-02  1.01006e+01
7.67909e+03  8.98724e-01  3.66540e-02  1.01041e+01
7.68170e+03  9.19301e-01  3.73952e-02  1.01075e+01
7.68431e+03  9.24153e-01  3.81133e-02  1.01109e+01
7.68693e+03  9.42058e-01  3.90854e-02  1.01144e+01
7.68954e+03  9.18881e-01  3.92196e-02  1.01178e+01
7.69215e+03  8.85877e-01  3.91540e-02  1.01212e+01
7.69476e+03  8.59497e-01  3.93313e-02  1.01247e+01
7.69737e+03  9.50050e-01  4.02555e-02  1.01281e+01
7.69998e+03  9.89836e-01  4.00938e-02  1.01316e+01
7.70259e+03  9.14518e-01  3.89977e-02  1.01350e+01
7.70520e+03  9.18682e-01  4.14323e-02  1.01384e+01
7.70782e+03  9.31656e-01  4.76482e-02  1.01419e+01
7.71043e+03  8.89523e-01  5.52150e-02  1.01453e+01
7.71304e+03  9.16612e-01  6.13738e-02  1.01487e+01
7.71565e+03  9.68511e-01  6.39478e-02  1.01522e+01
7.71826e+03  9.86464e-01  6.39401e-02  1.01556e+01
7.72087e+03  9.30206e-01  6.10486e-02  1.01590e+01
7.72348e+03  8.64015e-01  5.44744e-02  1.01625e+01
7.72610e+03  9.24687e-01  4.75522e-02  1.01659e+01
7.72871e+03  9.25553e-01  4.44397e-02  1.01694e+01
7.73132e+03  9.56899e-01  4.40123e-02  1.01728e+01
7.73393e+03  9.68631e-01  4.21174e-02  1.01762e+01
7.73654e+03  9.12489e-01  4.01998e-02  1.01797e+01
7.73915e+03  8.86746e-01  3.96090e-02  1.01831e+01
7.74176e+03  8.85817e-01  4.04967e-02  1.01865e+01
7.74438e+03  9.18157e-01  4.67819e-02  1.01900e+01
7.74699e+03  8.95785e-01  5.48059e-02  1.01934e+01
7.74960e+03  9.13365e-01  5.70610e-02  1.01968e+01
7.75221e+03  9.71267e-01  5.79858e-02  1.02003e+01
7.75482e+03  1.01680e+00  6.06085e-02  1.02037e+01
7.75743e+03  9.66169e-01  5.78320e-02  1.02071e+01
7.76004e+03  8.99620e-01  4.95735e-02  1.02106e+01
7.76265e+03  9.02619e-01  4.60206e-02  1.02140e+01
7.76527e+03  9.69357e-01  4.60788e-02  1.02175e+01
7.76788e+03  9.59772e-01  4.41598e-02  1.02209e+01
7.77049e+03  9.81500e-01  4.28080e-02  1.02243e+01
7.77310e+03  9.79365e-01  4.33396e-02  1.02278e+01
7.77571e+03  9.39085e-01  4.52885e-02  1.02312e+01
7.77832e+03  9.26290e-01  4.65512e-02  1.02346e+01
7.78093e+03  8.97744e-01  4.54574e-02  1.02381e+01
7.78355e+03  9.50511e-01  4.50893e-02  1.02415e+01
7.78616e+03  1.00407e+00  4.68068e-02  1.02449e+01
7.78877e+03  9.66977e-01  5.04520e-02  1.02484e+01
7.79138e+03  9.47934e-01  5.38218e-02  1.02518e+01
7.79399e+03  9.46623e-01  5.41095e-02  1.02553e+01
7.79660e+03  1.01435e+00  5.45126e-02  1.02587e+01
7.79921e+03  9.87732e-01  5.31110e-02  1.02621e+01
7.80183e+03  9.02813e-01  4.92432e-02  1.02656e+01
7.80444e+03  9.11109e-01  4.67250e-02  1.02690e+01
7.80705e+03  9.08794e-01  4.69553e-02  1.02724e+01
7.80966e+03  8.57047e-01  4.68706e-02  1.02759e+01
7.81227e+03  9.24989e-01  4.82728e-02  1.02793e+01
7.81488e+03  9.50829e-01  5.17440e-02  1.02827e+01
7.81749e+03  9.39658e-01  5.67921e-02  1.02862e+01
7.82010e+03  9.08786e-01  5.80526e-02  1.02896e+01
7.82272e+03  8.66407e-01  5.75797e-02  1.02930e+01
7.82533e+03  9.48095e-01  5.78915e-02  1.02965e+01
7.82794e+03  9.86605e-01  5.51748e-02  1.02999e+01
7.83055e+03  9.07976e-01  4.57968e-02  1.03034e+01
7.83316e+03  8.68197e-01  4.11725e-02  1.03068e+01
7.83577e+03  9.24478e-01  4.45873e-02  1.03102e+01
7.83838e+03  9.41140e-01  4.73252e-02  1.03137e+01
7.84100e+03  9.53270e-01  4.76475e-02  1.03171e+01
7.84361e+03  8.77972e-01  4.81212e-02  1.03205e+01
7.84622e+03  8.74706e-01  5.34867e-02  1.03240e+01
7.84883e+03  9.31042e-01  6.02085e-02  1.03274e+01
7.85144e+03  9.55314e-01  6.32433e-02  1.03308e+01
7.85405e+03  1.00913e+00  6.58601e-02  1.03343e+01
7.85666e+03  9.33223e-01  6.76519e-02  1.03377e+01
7.85927e+03  8.51104e-01  6.47776e-02  1.03412e+01
7.86189e+03  9.71405e-01  5.90564e-02  1.03446e+01
7.86450e+03  1.05854e+00  5.66605e-02  1.03480e+01
7.86711e+03  1.03930e+00  5.70889e-02  1.03515e+01
7.86972e+03  9.70353e-01  5.43385e-02  1.03549e+01
7.87233e+03  9.79848e-01  5.44176e-02  1.03583e+01
7.87494e+03  9.94694e-01  5.68844e-02  1.03618e+01
7.87755e+03  9.65963e-01  5.63756e-02  1.03652e+01
7.88017e+03  9.86542e-01  5.35895e-02  1.03686e+01
7.88278e+03  1.01517e+00  5.50746e-02  1.03721e+01
7.88539e+03  1.03298e+00  5.99715e-02  1.03755e+01
7.88800e+03  9.72490e-01  5.93059e-02  1.03789e+01
7.89061e+03  9.74406e-01  5.73063e-02  1.03824e+01
7.89322e+03  1.04456e+00  5.69897e-02  1.03858e+01
7.89583e+03  1.04860e+00  5.52968e-02  1.03893e+01
7.89845e+03  1.02752e+00  4.93665e-02  1.03927e+01
7.90106e+03  9.44232e-01  4.47042e-02  1.03961e+01
7.90367e+03  9.55853e-01  4.41681e-02  1.03996e+01
7.90628e+03  9.69424e-01  4.86240e-02  1.04030e+01
7.90889e+03  1.03222e+00  5.87071e-02  1.04064e+01
7.91150e+03  1.02546e+00  6.45628e-02  1.04099e+01
7.91411e+03  9.59202e-01  6.69194e-02  1.04133e+01
7.91672e+03  9.98437e-01  7.08616e-02  1.04167e+01
7.91934e+03  1.09008e+00  7.13379e-02  1.04202e+01
7.92195e+03  1.07813e+00  6.43786e-02  1.04236e+01
7.92456e+03  9.71619e-01  5.93447e-02  1.04271e+01
7.92717e+03  9.49084e-01  5.99606e-02  1.04305e+01
7.92978e+03  9.47985e-01  5.71743e-02  1.04339e+01
7.93239e+03  9.17271e-01  5.40495e-02  1.04374e+01
7.93500e+03  9.67651e-01  5.40175e-02  1.04408e+01
7.93762e+03  9.56601e-01  5.21837e-02  1.04442e+01
7.94023e+03  9.33770e-01  4.79299e-02  1.04477e+01
7.94284e+03  9.95111e-01  4.77772e-02  1.04511e+01
7.94545e+03  9.74228e-01  5.00252e-02  1.04545e+01
7.94806e+03  1.01608e+00  5.13007e-02  1.04580e+01
7.95067e+03  1.01807e+00  5.12428e-02  1.04614e+01
7.95328e+03  1.00452e+00  5.04750e-02  1.04648e+01
7.95589e+03  1.03851e+00  5.00968e-02  1.04683e+01
7.95851e+03  1.03946e+00  5.30517e-02  1.04717e+01
7.96112e+03  9.93658e-01  5.87464e-02  1.04752e+01
7.96373e+03  9.78024e-01  6.15455e-02  1.04786e+01
7.96634e+03  1.02726e+00  6.26420e-02  1.04820e+01
7.96895e+03  1.07781e+00  6.31964e-02  1.04855e+01
7.97156e+03  1.01270e+00  6.03767e-02  1.04889e+01
7.97417e+03  9.71971e-01  5.75646e-02  1.04923e+01
7.97679e+03  9.15249e-01  5.61930e-02  1.04958e+01
7.97940e+03  9.22500e-01  5.59655e-02  1.04992e+01
7.98201e+03  1.01039e+00  5.65236e-02  1.05026e+01
7.98462e+03  1.02761e+00  5.62408e-02  1.05061e+01
7.98723e+03  9.99520e-01  5.91105e-02  1.05095e+01
7.98984e+03  9.96732e-01  6.38494e-02  1.05130e+01
7.99245e+03  9.74585e-01  6.53573e-02  1.05164e+01
7.99507e+03  9.68115e-01  6.58449e-02  1.05198e+01
7.99768e+03  1.01810e+00  6.61434e-02  1.05233e+01
8.00029e+03  1.02789e+00  6.12781e-02  1.05267e+01
8.00290e+03  1.02097e+00  5.20170e-02  1.05301e+01
8.00551e+03  1.05321e+00  4.87660e-02  1.05336e+01
8.00812e+03  1.04008e+00  5.03070e-02  1.05370e+01
8.01073e+03  1.04392e+00  5.34414e-02  1.05404e+01
8.01334e+03  1.05523e+00  5.45393e-02  1.05439e+01
8.01596e+03  1.04967e+00  5.54017e-02  1.05473e+01
8.01857e+03  9.77051e-01  5.75461e-02  1.05507e+01
8.02118e+03  9.31218e-01  6.28594e-02  1.05542e+01
8.02379e+03  9.63347e-01  6.46260e-02  1.05576e+01
8.02640e+03  9.75460e-01  6.47390e-02  1.05611e+01
8.02901e+03  1.04497e+00  6.49151e-02  1.05645e+01
8.03162e+03  9.70918e-01  6.27038e-02  1.05679e+01
8.03424e+03  1.03630e+00  5.62253e-02  1.05714e+01
8.03685e+03  1.09041e+00  5.07933e-02  1.05748e+01
8.03946e+03  1.06205e+00  4.87787e-02  1.05782e+01
8.04207e+03  1.00154e+00  4.77594e-02  1.05817e+01
8.04468e+03  9.88591e-01  4.86152e-02  1.05851e+01
8.04729e+03  9.28777e-01  5.02427e-02  1.05885e+01
8.04990e+03  9.86337e-01  5.20848e-02  1.05920e+01
8.05252e+03  1.06310e+00  5.30926e-02  1.05954e+01
8.05513e+03  1.00803e+00  5.47341e-02  1.05989e+01
8.05774e+03  9.77646e-01  5.76889e-02  1.06023e+01
8.06035e+03  1.00560e+00  5.83365e-02  1.06057e+01
8.06296e+03  9.94371e-01  5.70416e-02  1.06092e+01
8.06557e+03  9.79553e-01  5.66959e-02  1.06126e+01
8.06818e+03  1.02220e+00  5.55293e-02  1.06160e+01
8.07079e+03  9.95005e-01  5.14595e-02  1.06195e+01
8.07341e+03  9.77160e-01  4.87064e-02  1.06229e+01
8.07602e+03  9.73326e-01  4.83395e-02  1.06263e+01
8.07863e+03  1.00387e+00  4.90996e-02  1.06298e+01
8.08124e+03  1.01434e+00  4.97130e-02  1.06332e+01
8.08385e+03  1.01155e+00  4.95977e-02  1.06366e+01
8.08646e+03  9.85760e-01  4.94485e-02  1.06401e+01
8.08907e+03  1.05523e+00  5.12845e-02  1.06435e+01
8.09169e+03  1.09572e+00  5.19220e-02  1.06470e+01
8.09430e+03  1.12069e+00  5.22268e-02  1.06504e+01
8.09691e+03  9.94239e-01  5.30084e-02  1.06538e+01
8.09952e+03  1.00724e+00  5.47420e-02  1.06573e+01
8.10213e+03  1.05985e+00  5.48128e-02  1.06607e+01
8.10474e+03  1.03175e+00  5.40718e-02  1.06641e+01
8.10735e+03  1.02059e+00  5.37237e-02  1.06676e+01
8.10996e+03  1.03313e+00  5.20428e-02  1.06710e+01
8.11258e+03  1.01629e+00  4.97331e-02  1.06744e+01
8.11519e+03  9.71120e-01  4.83823e-02  1.06779e+01
8.11780e+03  9.43339e-01  4.79714e-02  1.06813e+01
8.12041e+03  9.56667e-01  4.83290e-02  1.06848e+01
8.12302e+03  9.61278e-01  4.85751e-02  1.06882e+01
8.12563e+03  9.57186e-01  4.86901e-02  1.06916e+01
8.12824e+03  9.51734e-01  4.87528e-02  1.06951e+01
8.13086e+03  9.50309e-01  4.90065e-02  1.06985e+01
8.13347e+03  9.59705e-01  4.99559e-02  1.07019e+01
8.13608e+03  9.45964e-01  5.04076e-02  1.07054e+01
8.13869e+03  9.73719e-01  5.09252e-02  1.07088e+01
8.14130e+03  1.03038e+00  5.23411e-02  1.07122e+01
8.14391e+03  9.92757e-01  5.27557e-02  1.07157e+01
8.14652e+03  9.46145e-01  5.19217e-02  1.07191e+01
8.14914e+03  9.38986e-01  5.10697e-02  1.07225e+01
8.15175e+03  9.07050e-01  5.02885e-02  1.07260e+01
8.15436e+03  9.30117e-01  4.95422e-02  1.07294e+01
8.15697e+03  1.03052e+00  4.95777e-02  1.07329e+01
8.15958e+03  1.02007e+00  4.89863e-02  1.07363e+01
8.16219e+03  9.21017e-01  4.80159e-02  1.07397e+01
8.16480e+03  9.33511e-01  4.82084e-02  1.07432e+01
8.16741e+03  9.32968e-01  4.82229e-02  1.07466e+01
8.17003e+03  8.51648e-01  4.71706e-02  1.07500e+01
8.17264e+03  9.51313e-01  4.82305e-02  1.07535e+01
8.17525e+03  9.63971e-01  4.84983e-02  1.07569e+01
8.17786e+03  9.29343e-01  4.81278e-02  1.07603e+01
8.18047e+03  9.05383e-01  4.79768e-02  1.07638e+01
8.18308e+03  9.07491e-01  4.84118e-02  1.07672e+01
8.18569e+03  9.76192e-01  4.94821e-02  1.07707e+01
8.18831e+03  9.56222e-01  4.97143e-02  1.07741e+01
8.19092e+03  9.65195e-01  5.02712e-02  1.07775e+01
8.19353e+03  9.70150e-01  5.04331e-02  1.07810e+01
8.19614e+03  8.96619e-01  4.93982e-02  1.07844e+01
8.19875e+03  8.82669e-01  4.89874e-02  1.07878e+01
8.20136e+03  9.23854e-01  4.95041e-02  1.07913e+01
8.20397e+03  9.68544e-01  4.99075e-02  1.07947e+01
8.20658e+03  9.18972e-01  4.93928e-02  1.07981e+01
8.20920e+03  9.84436e-01  5.02999e-02  1.08016e+01
8.21181e+03  9.92232e-01  5.04123e-02  1.08050e+01
8.21442e+03  9.98484e-01  5.04204e-02  1.08084e+01
8.21703e+03  1.01350e+00  5.03614e-02  1.08119e+01
8.21964e+03  9.84422e-01  5.00666e-02  1.08153e+01
8.22225e+03  9.67952e-01  4.97745e-02  1.08188e+01
8.22486e+03  9.34980e-01  4.93091e-02  1.08222e+01
8.22748e+03  9.39111e-01  4.93282e-02  1.08256e+01
8.23009e+03  9.14231e-01  4.89531e-02  1.08291e+01
8.23270e+03  8.57332e-01  4.84670e-02  1.08325e+01
8.23531e+03  9.17758e-01  4.95284e-02  1.08359e+01
8.23792e+03  1.01074e+00  5.08994e-02  1.08394e+01
8.24053e+03  9.63990e-01  5.06755e-02  1.08428e+01
8.24314e+03  9.42288e-01  5.10178e-02  1.08462e+01
8.24576e+03  9.39183e-01  5.13540e-02  1.08497e+01
8.24837e+03  9.03076e-01  5.09810e-02  1.08531e+01
8.25098e+03  9.09212e-01  5.08878e-02  1.08565e+01
8.25359e+03  9.31608e-01  5.10624e-02  1.08600e+01
8.25620e+03  9.82875e-01  5.14880e-02  1.08634e+01
8.25881e+03  1.00173e+00  5.15449e-02  1.08669e+01
8.26142e+03  9.88811e-01  5.14065e-02  1.08703e+01
8.26403e+03  1.02829e+00  5.18408e-02  1.08737e+01
8.26665e+03  1.03912e+00  5.19607e-02  1.08772e+01
8.26926e+03  9.95848e-01  5.17286e-02  1.08806e+01
8.27187e+03  9.20269e-01  5.35849e-02  1.08840e+01
8.27448e+03  8.72184e-01  6.02630e-02  1.08875e+01
8.27709e+03  8.40331e-01  6.80584e-02  1.08909e+01
8.27970e+03  9.05315e-01  7.38991e-02  1.08943e+01
8.28231e+03  1.00744e+00  8.11027e-02  1.08978e+01
8.28493e+03  1.03685e+00  8.69736e-02  1.09012e+01
8.28754e+03  9.53205e-01  8.50564e-02  1.09047e+01
8.29015e+03  8.64395e-01  8.14617e-02  1.09081e+01
8.29276e+03  9.40572e-01  8.42091e-02  1.09115e+01
8.29537e+03  1.04694e+00  8.66545e-02  1.09150e+01
8.29798e+03  1.09069e+00  8.28497e-02  1.09184e+01
8.30059e+03  1.02696e+00  7.98060e-02  1.09218e+01
8.30320e+03  8.92850e-01  7.73770e-02  1.09253e+01
8.30582e+03  1.00251e+00  7.40954e-02  1.09287e+01
8.30843e+03  1.01830e+00  6.72820e-02  1.09321e+01
8.31104e+03  8.96462e-01  6.21582e-02  1.09356e+01
8.31365e+03  9.09274e-01  6.19918e-02  1.09390e+01
8.31626e+03  9.58888e-01  6.19225e-02  1.09424e+01
8.31887e+03  9.24056e-01  5.83070e-02  1.09459e+01
8.32148e+03  9.15450e-01  5.51613e-02  1.09493e+01
8.32410e+03  9.61267e-01  5.49749e-02  1.09528e+01
8.32671e+03  9.48044e-01  5.43852e-02  1.09562e+01
8.32932e+03  9.39723e-01  5.38094e-02  1.09596e+01
8.33193e+03  9.48767e-01  5.43949e-02  1.09631e+01
8.33454e+03  8.89346e-01  5.46975e-02  1.09665e+01
8.33715e+03  9.05489e-01  6.49851e-02  1.09699e+01
8.33976e+03  1.00982e+00  8.54557e-02  1.09734e+01
8.34238e+03  9.97497e-01  9.57479e-02  1.09768e+01
8.34499e+03  8.80680e-01  9.90724e-02  1.09802e+01
8.34760e+03  8.34230e-01  1.03646e-01  1.09837e+01
8.35021e+03  9.40532e-01  1.04066e-01  1.09871e+01
8.35282e+03  9.50081e-01  9.07592e-02  1.09906e+01
8.35543e+03  9.49096e-01  7.90991e-02  1.09940e+01
8.35804e+03  9.84575e-01  7.62515e-02  1.09974e+01
8.36065e+03  9.69716e-01  7.26824e-02  1.10009e+01
8.36327e+03  9.43873e-01  6.77961e-02  1.10043e+01
8.36588e+03  8.59813e-01  6.48765e-02  1.10077e+01
8.36849e+03  8.88881e-01  6.44243e-02  1.10112e+01
8.37110e+03  9.44350e-01  6.30727e-02  1.10146e+01
8.37371e+03  1.00011e+00  6.09564e-02  1.10180e+01
8.37632e+03  9.78292e-01  6.40550e-02  1.10215e+01
8.37893e+03  9.51351e-01  6.88437e-02  1.10249e+01
8.38155e+03  1.01450e+00  7.15717e-02  1.10283e+01
8.38416e+03  1.01317e+00  7.22512e-02  1.10318e+01
8.38677e+03  9.72829e-01  7.15540e-02  1.10352e+01
8.38938e+03  9.66729e-01  6.75734e-02  1.10387e+01
8.39199e+03  9.48916e-01  6.99410e-02  1.10421e+01
8.39460e+03  8.96679e-01  8.19467e-02  1.10455e+01
8.39721e+03  9.20128e-01  9.03040e-02  1.10490e+01
8.39983e+03  1.00188e+00  9.20671e-02  1.10524e+01
8.40244e+03  1.00233e+00  9.22569e-02  1.10558e+01
8.40505e+03  9.76220e-01  8.78544e-02  1.10593e+01
8.40766e+03  9.53877e-01  7.69579e-02  1.10627e+01
8.41027e+03  9.78125e-01  7.24540e-02  1.10661e+01
8.41288e+03  1.02481e+00  7.53217e-02  1.10696e+01
8.41549e+03  1.05369e+00  7.67591e-02  1.10730e+01
8.41810e+03  9.34394e-01  7.61311e-02  1.10765e+01
8.42072e+03  9.53631e-01  7.63565e-02  1.10799e+01
8.42333e+03  9.80593e-01  7.98202e-02  1.10833e+01
8.42594e+03  9.81696e-01  9.26145e-02  1.10868e+01
8.42855e+03  8.63149e-01  9.84122e-02  1.10902e+01
8.43116e+03  9.86778e-01  1.00905e-01  1.10936e+01
8.43377e+03  1.10799e+00  1.01291e-01  1.10971e+01
8.43638e+03  1.06452e+00  9.52435e-02  1.11005e+01
8.43900e+03  9.99522e-01  7.72675e-02  1.11039e+01
8.44161e+03  1.04712e+00  6.54247e-02  1.11074e+01
8.44422e+03  1.08671e+00  6.38748e-02  1.11108e+01
8.44683e+03  1.00258e+00  6.94894e-02  1.11142e+01
8.44944e+03  9.49162e-01  7.48648e-02  1.11177e+01
8.45205e+03  9.05470e-01  7.59535e-02  1.11211e+01
8.45466e+03  9.72705e-01  7.67291e-02  1.11246e+01
8.45727e+03  1.03616e+00  7.99401e-02  1.11280e+01
8.45989e+03  1.01536e+00  8.68944e-02  1.11314e+01
8.46250e+03  1.05276e+00  9.29682e-02  1.11349e+01
8.46511e+03  1.10437e+00  9.46046e-02  1.11383e+01
8.46772e+03  1.02021e+00  9.44880e-02  1.11417e+01
8.47033e+03  9.17006e-01  9.19729e-02  1.11452e+01
8.47294e+03  1.00229e+00  8.34795e-02  1.11486e+01
8.47555e+03  1.03718e+00  7.02014e-02  1.11520e+01
8.47817e+03  9.62391e-01  6.28461e-02  1.11555e+01
8.48078e+03  9.47486e-01  6.15452e-02  1.11589e+01
8.48339e+03  8.71843e-01  5.96341e-02  1.11624e+01
8.48600e+03  6.99301e-01  5.91767e-02  1.11658e+01
8.48861e+03  6.73981e-01  6.49641e-02  1.11692e+01
8.49122e+03  6.72958e-01  6.86501e-02  1.11727e+01
8.49383e+03  7.75950e-01  7.08385e-02  1.11761e+01
8.49645e+03  8.61307e-01  7.39632e-02  1.11795e+01
8.49906e+03  9.83009e-01  8.19291e-02  1.11830e+01
8.50167e+03  9.74592e-01  8.50977e-02  1.11864e+01
8.50428e+03  9.64606e-01  8.42293e-02  1.11898e+01
8.50689e+03  9.86700e-01  8.38168e-02  1.11933e+01
8.50950e+03  9.35261e-01  8.22702e-02  1.11967e+01
8.51211e+03  8.99399e-01  7.48275e-02  1.12001e+01
8.51472e+03  1.02443e+00  6.72383e-02  1.12036e+01
8.51734e+03  1.05860e+00  6.33583e-02  1.12070e+01
8.51995e+03  9.75931e-01  6.16940e-02  1.12105e+01
8.52256e+03  1.04440e+00  6.21142e-02  1.12139e+01
8.52517e+03  1.09904e+00  6.27566e-02  1.12173e+01
8.52778e+03  9.99087e-01  6.14858e-02  1.12208e+01
8.53039e+03  9.49418e-01  6.12402e-02  1.12242e+01
8.53300e+03  1.04285e+00  6.45635e-02  1.12276e+01
8.53562e+03  1.09154e+00  6.73854e-02  1.12311e+01
8.53823e+03  1.05694e+00  6.78590e-02  1.12345e+01
8.54084e+03  1.02401e+00  6.91179e-02  1.12379e+01
8.54345e+03  9.20954e-01  7.19249e-02  1.12414e+01
8.54606e+03  9.74848e-01  7.45448e-02  1.12448e+01
8.54867e+03  9.84440e-01  7.36505e-02  1.12483e+01
8.55128e+03  9.75063e-01  7.31944e-02  1.12517e+01
8.55390e+03  1.00525e+00  7.22011e-02  1.12551e+01
8.55651e+03  9.49347e-01  6.71335e-02  1.12586e+01
8.55912e+03  8.97863e-01  6.22682e-02  1.12620e+01
8.56173e+03  9.49227e-01  6.12385e-02  1.12654e+01
8.56434e+03  1.01288e+00  6.16678e-02  1.12689e+01
8.56695e+03  9.50837e-01  6.13226e-02  1.12723e+01
8.56956e+03  9.89394e-01  6.21814e-02  1.12757e+01
8.57217e+03  9.84236e-01  6.23985e-02  1.12792e+01
8.57479e+03  8.53054e-01  6.11143e-02  1.12826e+01
8.57740e+03  8.47076e-01  6.09913e-02  1.12860e+01
8.58001e+03  8.87810e-01  6.12710e-02  1.12895e+01
8.58262e+03  8.44270e-01  6.19143e-02  1.12929e+01
8.58523e+03  8.62716e-01  6.32866e-02  1.12964e+01
8.58784e+03  8.95685e-01  6.39044e-02  1.12998e+01
8.59045e+03  8.23659e-01  6.47043e-02  1.13032e+01
8.59307e+03  7.53086e-01  6.59988e-02  1.13067e+01
8.59568e+03  7.13437e-01  6.54121e-02  1.13101e+01
8.59829e+03  7.11577e-01  6.45631e-02  1.13135e+01
8.60090e+03  8.05652e-01  6.54192e-02  1.13170e+01
8.60351e+03  8.33763e-01  6.52661e-02  1.13204e+01
8.60612e+03  7.95945e-01  6.47292e-02  1.13238e+01
8.60873e+03  8.77085e-01  6.72341e-02  1.13273e+01
8.61134e+03  8.91323e-01  7.17933e-02  1.13307e+01
8.61396e+03  8.36445e-01  7.75341e-02  1.13342e+01
8.61657e+03  7.76724e-01  8.41954e-02  1.13376e+01
8.61918e+03  7.44144e-01  9.17251e-02  1.13410e+01
8.62179e+03  5.77002e-01  9.80159e-02  1.13445e+01
8.62440e+03  4.73610e-01  1.03299e-01  1.13479e+01
8.62701e+03  4.63036e-01  1.07284e-01  1.13513e+01
8.62962e+03  4.61080e-01  1.09437e-01  1.13548e+01
8.63224e+03  6.42733e-01  1.09393e-01  1.13582e+01
8.63485e+03  6.98763e-01  1.06204e-01  1.13616e+01
8.63746e+03  6.48248e-01  9.97597e-02  1.13651e+01
8.64007e+03  8.87640e-01  9.40226e-02  1.13685e+01
8.64268e+03  1.02979e+00  8.99016e-02  1.13719e+01
8.64529e+03  9.02657e-01  8.79734e-02  1.13754e+01
8.64790e+03  9.27887e-01  9.03606e-02  1.13788e+01
8.65052e+03  8.08634e-01  9.47345e-02  1.13823e+01
8.65313e+03  8.19201e-01  1.01469e-01  1.13857e+01
8.65574e+03  9.86925e-01  1.08077e-01  1.13891e+01
8.65835e+03  9.75467e-01  1.10983e-01  1.13926e+01
8.66096e+03  8.21465e-01  1.11033e-01  1.13960e+01
8.66357e+03  8.24820e-01  1.10922e-01  1.13994e+01
8.66618e+03  9.50548e-01  1.09975e-01  1.14029e+01
8.66879e+03  9.16161e-01  1.07173e-01  1.14063e+01
8.67141e+03  8.28274e-01  1.03300e-01  1.14097e+01
8.67402e+03  8.87269e-01  9.94715e-02  1.14132e+01
8.67663e+03  9.27840e-01  9.61044e-02  1.14166e+01
8.67924e+03  8.45198e-01  9.11870e-02  1.14201e+01
8.68185e+03  8.54520e-01  8.77559e-02  1.14235e+01
8.68446e+03  8.61894e-01  8.37204e-02  1.14269e+01
8.68707e+03  8.60803e-01  8.03585e-02  1.14304e+01
8.68969e+03  9.67023e-01  7.84537e-02  1.14338e+01
8.69230e+03  9.10117e-01  7.59656e-02  1.14372e+01
8.69491e+03  8.33226e-01  7.35388e-02  1.14407e+01
8.69752e+03  9.00289e-01  7.27725e-02  1.14441e+01
8.70013e+03  9.12809e-01  7.22091e-02  1.14475e+01
8.70274e+03  8.50720e-01  7.12645e-02  1.14510e+01
8.70535e+03  9.11951e-01  7.17271e-02  1.14544e+01
8.70796e+03  9.96977e-01  7.13328e-02  1.14578e+01
8.71058e+03  9.80017e-01  7.04045e-02  1.14613e+01
8.71319e+03  9.66812e-01  6.98798e-02  1.14647e+01
8.71580e+03  9.41759e-01  6.89007e-02  1.14682e+01
8.71841e+03  8.87082e-01  6.74721e-02  1.14716e+01
8.72102e+03  8.66965e-01  6.71827e-02  1.14750e+01
8.72363e+03  9.37013e-01  6.84828e-02  1.14785e+01
8.72624e+03  9.49438e-01  6.88914e-02  1.14819e+01
8.72886e+03  8.92101e-01  6.83973e-02  1.14853e+01
8.73147e+03  8.91050e-01  6.87355e-02  1.14888e+01
8.73408e+03  8.96816e-01  6.93245e-02  1.14922e+01
8.73669e+03  8.86725e-01  6.97906e-02  1.14956e+01
8.73930e+03  9.38940e-01  7.10517e-02  1.14991e+01
8.74191e+03  1.07365e+00  7.31294e-02  1.15025e+01
8.74452e+03  1.07635e+00  7.35370e-02  1.15060e+01
8.74714e+03  9.39353e-01  7.26223e-02  1.15094e+01
8.74975e+03  9.42256e-01  7.33607e-02  1.15128e+01
8.75236e+03  9.40559e-01  7.86997e-02  1.15163e+01
8.75497e+03  9.84306e-01  9.41596e-02  1.15197e+01
8.75758e+03  1.06791e+00  1.10895e-01  1.15231e+01
8.76019e+03  8.19625e-01  1.21776e-01  1.15266e+01
8.76280e+03  1.03941e+00  1.39215e-01  1.15300e+01
8.76541e+03  9.00283e-01  1.46466e-01  1.15334e+01
8.76803e+03  9.71446e-01  1.43703e-01  1.15369e+01
8.77064e+03  8.97622e-01  1.40882e-01  1.15403e+01
8.77325e+03  9.95289e-01  1.45712e-01  1.15437e+01
8.77586e+03  1.10548e+00  1.41331e-01  1.15472e+01
8.77847e+03  1.06509e+00  1.33219e-01  1.15506e+01
8.78108e+03  1.18086e+00  1.30230e-01  1.15541e+01
8.78369e+03  1.10889e+00  1.24466e-01  1.15575e+01
8.78631e+03  9.45329e-01  1.12377e-01  1.15609e+01
8.78892e+03  9.11645e-01  1.02562e-01  1.15644e+01
8.79153e+03  1.00971e+00  1.00031e-01  1.15678e+01
8.79414e+03  1.02619e+00  9.95355e-02  1.15712e+01
8.79675e+03  1.03021e+00  9.73467e-02  1.15747e+01
8.79936e+03  1.04086e+00  9.08791e-02  1.15781e+01
8.80197e+03  9.81161e-01  8.45194e-02  1.15815e+01
8.80458e+03  1.00780e+00  8.41457e-02  1.15850e+01
8.80720e+03  1.01505e+00  8.47398e-02  1.15884e+01
8.80981e+03  9.66716e-01  8.48786e-02  1.15919e+01
8.81242e+03  9.58399e-01  8.57208e-02  1.15953e+01
8.81503e+03  8.81973e-01  8.48011e-02  1.15987e+01
8.81764e+03  6.62544e-01  8.62772e-02  1.16022e+01
8.82025e+03  6.65731e-01  1.11109e-01  1.16056e+01
8.82286e+03  6.21171e-01  1.47512e-01  1.16090e+01
8.82548e+03  8.24601e-01  1.66580e-01  1.16125e+01
8.82809e+03  1.08730e+00  1.78183e-01  1.16159e+01
8.83070e+03  1.26586e+00  1.89710e-01  1.16193e+01
8.83331e+03  1.17916e+00  1.88237e-01  1.16228e+01
8.83592e+03  1.07656e+00  1.64229e-01  1.16262e+01
8.83853e+03  8.21233e-01  1.44569e-01  1.16296e+01
8.84114e+03  7.98128e-01  1.36038e-01  1.16331e+01
8.84376e+03  9.36734e-01  1.28125e-01  1.16365e+01
8.84637e+03  8.60914e-01  1.17608e-01  1.16400e+01
8.84898e+03  9.28259e-01  1.13739e-01  1.16434e+01
8.85159e+03  1.15275e+00  1.16346e-01  1.16468e+01
